1 8	MDSLLMNR	979.16500
1 3	MDS	1059.14490
9 9	ETYLCYVVK	1117.32000
9 2	ET	1197.29990
9 3	ETY	1277.27980
9 6	ETYLCY	1357.25971
12 14	DSATSFSLDFGYLR	1578.66500
12 2	DS	1658.64490
12 4	DSAT	1738.62480
12 5	DSATS	1818.60471
12 7	DSATSFS	1898.58461
12 12	DSATSFSLDFGY	1978.56451
14 11	NGCHVELLFLR	1300.53000
15 11	YISDWDLDPGR	1336.40000
15 1	Y	1416.37990
15 3	YIS	1496.35980
17 15	VTWFTSWSPCYDCAR	1822.02000
17 2	VT	1901.99990
17 5	VTWFT	1981.97980
17 6	VTWFTS	2061.95971
17 8	VTWFTSWS	2141.93961
17 11	VTWFTSWSPCY	2221.91951
19 8	GNPNLSLR	869.96500
19 6	GNPNLS	949.94490
26 11	AGVQIAIMTFK	1178.45000
26 9	AGVQIAIMT	1258.42990
27 15	DYFYCWNTFVENHER	2023.16000
27 2	DY	2103.13990
27 4	DYFY	2183.11980
27 8	DYFYCWNT	2263.09971
29 11	AWEGLHENSVR	1297.39000
29 9	AWEGLHENS	1377.36990
33 12	ILLPLYEVDDLR	1458.68500
33 6	ILLPLY	1538.66490
36 9	MDSLLMNRR	1135.35000
36 3	MDS	1215.32990
39 9	FLYQFKNVR	1214.43000
39 3	FLY	1294.40990
43 10	RETYLCYVVK	1273.50500
43 3	RET	1353.48490
43 4	RETY	1433.46480
43 7	RETYLCY	1513.44471
44 10	ETYLCYVVKR	1273.50500
44 2	ET	1353.48490
44 3	ETY	1433.46480
44 6	ETYLCY	1513.44471
46 15	RDSATSFSLDFGYLR	1734.85000
46 3	RDS	1814.82990
46 5	RDSAT	1894.80980
46 6	RDSATS	1974.78971
46 8	RDSATSFS	2054.76961
46 13	RDSATSFSLDFGY	2134.74951
47 16	DSATSFSLDFGYLRNK	1820.94500
47 2	DS	1900.92490
47 4	DSAT	1980.90480
47 5	DSATS	2060.88471
47 7	DSATSFS	2140.86461
47 12	DSATSFSLDFGY	2220.84451
48 13	NKNGCHVELLFLR	1542.81000
49 22	NGCHVELLFLRYISDWDLDPGR	2618.91500
49 12	NGCHVELLFLRY	2698.89490
49 14	NGCHVELLFLRYIS	2778.87480
50 14	YISDWDLDPGRCYR	1758.89500
50 1	Y	1838.87490
50 3	YIS	1918.85480
50 13	YISDWDLDPGRCY	1998.83471
51 18	CYRVTWFTSWSPCYDCAR	2244.51500
51 2	CY	2324.49490
51 5	CYRVT	2404.47480
51 8	CYRVTWFT	2484.45471
51 9	CYRVTWFTS	2564.43461
51 11	CYRVTWFTSWS	2644.41451
51 14	CYRVTWFTSWSPCY	2724.39441
52 22	VTWFTSWSPCYDCARHVADFLR	2660.97500
52 2	VT	2740.95490
52 5	VTWFT	2820.93480
52 6	VTWFTS	2900.91471
52 8	VTWFTSWS	2980.89461
52 11	VTWFTSWSPCY	3060.87451
53 15	HVADFLRGNPNLSLR	1708.92000
53 13	HVADFLRGNPNLS	1788.89990
54 13	GNPNLSLRIFTAR	1458.66000
54 6	GNPNLS	1538.63990
54 11	GNPNLSLRIFT	1618.61980
55 12	IFTARLYFCEDR	1533.73500
55 3	IFT	1613.71490
55 7	IFTARLY	1693.69480
56 8	LYFCEDRK	1073.21500
56 2	LY	1153.19490
57 8	KAEPEGLR	899.00500
58 8	AEPEGLRR	927.01500
60 14	LHRAGVQIAIMTFK	1584.93500
60 12	LHRAGVQIAIMT	1664.91490
61 26	AGVQIAIMTFKDYFYCWNTFVENHER	3183.59500
61 9	AGVQIAIMT	3263.57490
61 13	AGVQIAIMTFKDY	3343.55480
61 15	AGVQIAIMTFKDYFY	3423.53471
61 19	AGVQIAIMTFKDYFYCWNT	3503.51461
62 18	DYFYCWNTFVENHERTFK	2399.61500
62 2	DY	2479.59490
62 4	DYFY	2559.57480
62 8	DYFYCWNT	2639.55471
62 16	DYFYCWNTFVENHERT	2719.53461
63 14	TFKAWEGLHENSVR	1673.84500
63 1	T	1753.82490
63 12	TFKAWEGLHENS	1833.80480
64 14	AWEGLHENSVRLSR	1653.80500
64 9	AWEGLHENS	1733.78490
64 13	AWEGLHENSVRLS	1813.76480
67 13	RILLPLYEVDDLR	1614.87000
67 7	RILLPLY	1694.84990
68 16	ILLPLYEVDDLRDAFR	1948.20500
68 6	ILLPLY	2028.18490
69 8	DAFRTLGL	892.00500
69 5	DAFRT	971.98490
