1129 903 -2 1 -0.0333333 0.0333333
1129 905 -2 1 -0.0333333 -0.233333
1129 905 -2 1 -0.0333333 -0.233333
1129 905 -2 1 -0.0333333 -0.233333
1129 916 -2 1 -0.0333333 0.3
1129 918 -2 1 0.1 0.0333333
1129 919 -2 1 0.1 -0.1
1129 920 -2 1 0.1 -0.233333
1129 920 -2 1 0.1 -0.233333
1129 921 -2 1 0.1 -0.366667
1129 933 -2 1 0.233333 0.0333333
1129 934 -2 1 0.233333 -0.1
1129 945 -2 1 0.233333 0.433333
1129 946 -2 1 0.233333 0.3
1129 946 -2 1 0.233333 0.3
1129 946 -2 1 0.233333 0.3
1129 947 -2 1 0.233333 0.166667
1129 948 -2 1 0.366667 0.0333333
1129 948 -2 1 0.366667 0.0333333
1129 949 -2 1 0.366667 -0.1
1129 950 -2 1 0.366667 -0.233333
1129 1083 -2 1 -0.433333 0.0333333
1129 1083 -2 1 -0.433333 0.0333333
1129 1084 -2 1 -0.433333 -0.1
1129 1098 -2 1 -0.3 0.0333333
1129 1099 -2 1 -0.3 -0.1
1129 1100 -2 1 -0.3 -0.233333
1129 1113 -2 1 -0.166667 0.0333333
1129 1115 -2 1 -0.166667 -0.233333
1129 1116 -2 1 -0.166667 -0.366667
1129 1126 -2 1 -0.166667 0.3
1130 903 -2 1 -0.0333333 0.233333
1130 904 -2 1 -0.0333333 0.1
1130 904 -2 1 -0.0333333 0.1
1130 904 -2 1 -0.0333333 0.1
1130 905 -2 1 -0.0333333 -0.0333333
1130 905 -2 1 -0.0333333 -0.0333333
1130 918 -2 1 0.1 0.233333
1130 918 -2 1 0.1 0.233333
1130 918 -2 1 0.1 0.233333
1130 919 -2 1 0.1 0.1
1130 919 -2 1 0.1 0.1
1130 920 -2 1 0.1 -0.0333333
1130 920 -2 1 0.1 -0.0333333
1130 921 -2 1 0.1 -0.166667
1130 921 -2 1 0.1 -0.166667
1130 921 -2 1 0.1 -0.166667
1130 922 -2 1 0.1 -0.3
1130 932 -2 1 0.1 0.366667
1130 933 -2 1 0.233333 0.233333
1130 934 -2 1 0.233333 0.1
1130 935 -2 1 0.233333 -0.0333333
1130 936 -2 1 0.233333 -0.166667
1130 937 -2 1 0.233333 -0.3
1130 947 -2 1 0.233333 0.366667
1130 1086 -2 1 -0.433333 -0.166667
1130 1101 -2 1 -0.3 -0.166667
1130 1102 -2 1 -0.3 -0.3
1130 1114 -2 1 -0.166667 0.1
1130 1118 -2 1 -0.166667 -0.433333
1131 903 -2 1 -0.0333333 0.433333
1131 904 -2 1 -0.0333333 0.3
1131 904 -2 1 -0.0333333 0.3
1131 906 -2 1 -0.0333333 0.0333333
1131 906 -2 1 -0.0333333 0.0333333
1131 906 -2 1 -0.0333333 0.0333333
1131 907 -2 1 -0.0333333 -0.1
1131 908 -2 1 -0.0333333 -0.233333
1131 909 -2 1 -0.0333333 -0.366667
1131 909 -2 1 -0.0333333 -0.366667
1131 909 -2 1 -0.0333333 -0.366667
1131 921 -2 1 0.1 0.0333333
1131 923 -2 1 0.1 -0.233333
1131 923 -2 1 0.1 -0.233333
1131 936 -2 1 0.233333 0.0333333
1131 937 -2 1 0.233333 -0.1
1131 937 -2 1 0.233333 -0.1
1131 938 -2 1 0.233333 -0.233333
1131 951 -2 1 0.366667 0.0333333
1131 952 -2 1 0.366667 -0.1
1131 1101 -2 1 -0.3 0.0333333
1131 1104 -2 1 -0.3 -0.366667
1131 1114 -2 1 -0.166667 0.3
1131 1115 -2 1 -0.166667 0.166667
1131 1116 -2 1 -0.166667 0.0333333
1131 1116 -2 1 -0.166667 0.0333333
1131 1116 -2 1 -0.166667 0.0333333
1131 1117 -2 1 -0.166667 -0.1
1131 1117 -2 1 -0.166667 -0.1
1131 1119 -2 1 -0.166667 -0.366667
1132 905 -2 1 -0.0333333 0.366667
1132 908 -2 1 -0.0333333 -0.0333333
1132 910 -2 1 -0.0333333 -0.3
1132 911 -2 1 -0.0333333 -0.433333
1132 921 -2 1 0.1 0.233333
1132 922 -2 1 0.1 0.1
1132 936 -2 1 0.233333 0.233333
1132 938 -2 1 0.233333 -0.0333333
1132 938 -2 1 0.233333 -0.0333333
1132 939 -2 1 0.233333 -0.166667
1132 939 -2 1 0.233333 -0.166667
1132 939 -2 1 0.233333 -0.166667
1132 1086 -2 1 -0.433333 0.233333
1132 1102 -2 1 -0.3 0.1
1132 1104 -2 1 -0.3 -0.166667
1132 1105 -2 1 -0.3 -0.3
1132 1115 -2 1 -0.166667 0.366667
1132 1116 -2 1 -0.166667 0.233333
1132 1117 -2 1 -0.166667 0.1
1132 1118 -2 1 -0.166667 -0.0333333
1132 1118 -2 1 -0.166667 -0.0333333
1132 1118 -2 1 -0.166667 -0.0333333
1132 1120 -2 1 -0.166667 -0.3
1132 1120 -2 1 -0.166667 -0.3
1133 907 -2 1 -0.0333333 0.3
1133 908 -2 1 -0.0333333 0.166667
1133 909 -2 1 -0.0333333 0.0333333
1133 909 -2 1 -0.0333333 0.0333333
1133 909 -2 1 -0.0333333 0.0333333
1133 910 -2 1 -0.0333333 -0.1
1133 911 -2 1 -0.0333333 -0.233333
1133 912 -2 1 -0.0333333 -0.366667
1133 922 -2 1 0.1 0.3
1133 923 -2 1 0.1 0.166667
1133 924 -2 1 0.1 0.0333333
1133 924 -2 1 0.1 0.0333333
1133 924 -2 1 0.1 0.0333333
1133 924 -2 1 0.1 0.0333333
1133 939 -2 1 0.233333 0.0333333
1133 940 -2 1 0.233333 -0.1
1133 953 -2 1 0.366667 0.166667
1133 1089 -2 1 -0.433333 0.0333333
1133 1090 -2 1 -0.433333 -0.1
1133 1090 -2 1 -0.433333 -0.1
1133 1103 -2 1 -0.3 0.166667
1133 1117 -2 1 -0.166667 0.3
1133 1119 -2 1 -0.166667 0.0333333
1133 1119 -2 1 -0.166667 0.0333333
1133 1120 -2 1 -0.166667 -0.1
1133 1122 -2 1 -0.166667 -0.366667
1134 910 -2 1 -0.0333333 0.1
1134 911 -2 1 -0.0333333 -0.0333333
1134 911 -2 1 -0.0333333 -0.0333333
1134 911 -2 1 -0.0333333 -0.0333333
1134 911 -2 1 -0.0333333 -0.0333333
1134 912 -2 1 -0.0333333 -0.166667
1134 912 -2 1 -0.0333333 -0.166667
1134 912 -2 1 -0.0333333 -0.166667
1134 913 -2 1 -0.0333333 -0.3
1134 913 -2 1 -0.0333333 -0.3
1134 927 -2 1 0.1 -0.166667
1134 938 -2 1 0.233333 0.366667
1134 939 -2 1 0.233333 0.233333
1134 941 -2 1 0.233333 -0.0333333
1134 941 -2 1 0.233333 -0.0333333
1134 958 -2 1 0.366667 -0.3
1134 1091 -2 1 -0.433333 -0.0333333
1134 1104 -2 1 -0.3 0.233333
1134 1105 -2 1 -0.3 0.1
1134 1105 -2 1 -0.3 0.1
1134 1106 -2 1 -0.3 -0.0333333
1134 1119 -2 1 -0.166667 0.233333
1134 1122 -2 1 -0.166667 -0.166667
1134 1122 -2 1 -0.166667 -0.166667
1134 1124 -2 1 -0.166667 -0.433333
1135 910 -2 1 -0.0333333 0.3
1135 913 -2 1 -0.0333333 -0.1
1135 927 -2 1 0.1 0.0333333
1135 928 -2 1 0.1 -0.1
1135 928 -2 1 0.1 -0.1
1135 928 -2 1 0.1 -0.1
1135 929 -2 1 0.1 -0.233333
1135 929 -2 1 0.1 -0.233333
1135 930 -2 1 0.1 -0.366667
1135 942 -2 1 0.233333 0.0333333
1135 945 -2 1 0.233333 -0.366667
1135 955 -2 1 0.366667 0.3
1135 956 -2 1 0.366667 0.166667
1135 957 -2 1 0.366667 0.0333333
1135 957 -2 1 0.366667 0.0333333
1135 1106 -2 1 -0.3 0.166667
1135 1107 -2 1 -0.3 0.0333333
1135 1108 -2 1 -0.3 -0.1
1135 1119 -2 1 -0.166667 0.433333
1135 1120 -2 1 -0.166667 0.3
1135 1121 -2 1 -0.166667 0.166667
1135 1121 -2 1 -0.166667 0.166667
1135 1122 -2 1 -0.166667 0.0333333
1135 1122 -2 1 -0.166667 0.0333333
1135 1123 -2 1 -0.166667 -0.1
1136 912 -2 1 -0.0333333 0.233333
1136 912 -2 1 -0.0333333 0.233333
1136 912 -2 1 -0.0333333 0.233333
1136 913 -2 1 -0.0333333 0.1
1136 913 -2 1 -0.0333333 0.1
1136 914 -2 1 -0.0333333 -0.0333333
1136 916 -2 1 -0.0333333 -0.3
1136 929 -2 1 0.1 -0.0333333
1136 930 -2 1 0.1 -0.166667
1136 930 -2 1 0.1 -0.166667
1136 931 -2 1 0.1 -0.3
1136 931 -2 1 0.1 -0.3
1136 943 -2 1 0.233333 0.1
1136 1108 -2 1 -0.3 0.1
1136 1108 -2 1 -0.3 0.1
1136 1109 -2 1 -0.3 -0.0333333
1136 1109 -2 1 -0.3 -0.0333333
1136 1125 -2 1 -0.166667 -0.166667
1136 1126 -2 1 -0.166667 -0.3
1137 914 -2 1 -0.0333333 0.166667
1137 914 -2 1 -0.0333333 0.166667
1137 915 -2 1 -0.0333333 0.0333333
1137 916 -2 1 -0.0333333 -0.1
1137 916 -2 1 -0.0333333 -0.1
1137 916 -2 1 -0.0333333 -0.1
1137 917 -2 1 -0.0333333 -0.233333
1137 917 -2 1 -0.0333333 -0.233333
1137 918 -2 1 0.1 -0.366667
1137 927 -2 1 0.1 0.433333
1137 929 -2 1 0.1 0.166667
1137 929 -2 1 0.1 0.166667
1137 930 -2 1 0.1 0.0333333
1137 931 -2 1 0.1 -0.1
1137 932 -2 1 0.1 -0.233333
1137 932 -2 1 0.1 -0.233333
1137 932 -2 1 0.1 -0.233333
1137 932 -2 1 0.1 -0.233333
1137 943 -2 1 0.233333 0.3
1137 944 -2 1 0.233333 0.166667
1137 945 -2 1 0.233333 0.0333333
1137 945 -2 1 0.233333 0.0333333
1137 946 -2 1 0.233333 -0.1
1137 947 -2 1 0.233333 -0.233333
1137 958 -2 1 0.366667 0.3
1137 961 -2 1 0.366667 -0.1
1137 1095 -2 1 -0.433333 0.0333333
1137 1096 -2 1 -0.433333 -0.1
1137 1097 -2 1 -0.433333 -0.233333
1137 1098 -2 1 -0.3 -0.366667
1137 1108 -2 1 -0.3 0.3
1137 1111 -2 1 -0.3 -0.1
1137 1111 -2 1 -0.3 -0.1
1137 1123 -2 1 -0.166667 0.3
1137 1126 -2 1 -0.166667 -0.1
1137 1127 -2 1 -0.166667 -0.233333
1138 903 -2 1 -0.0333333 -0.166667
1138 904 -2 1 -0.0333333 -0.3
1138 914 -2 1 -0.0333333 0.366667
1138 916 -2 1 -0.0333333 0.1
1138 916 -2 1 -0.0333333 0.1
1138 917 -2 1 -0.0333333 -0.0333333
1138 917 -2 1 -0.0333333 -0.0333333
1138 918 -2 1 0.1 -0.166667
1138 930 -2 1 0.1 0.233333
1138 931 -2 1 0.1 0.1
1138 931 -2 1 0.1 0.1
1138 932 -2 1 0.1 -0.0333333
1138 933 -2 1 0.233333 -0.166667
1138 933 -2 1 0.233333 -0.166667
1138 934 -2 1 0.233333 -0.3
1138 935 -2 1 0.233333 -0.433333
1138 935 -2 1 0.233333 -0.433333
1138 946 -2 1 0.233333 0.1
1138 946 -2 1 0.233333 0.1
1138 1098 -2 1 -0.3 -0.166667
1138 1099 -2 1 -0.3 -0.3
1138 1109 -2 1 -0.3 0.366667
1138 1125 -2 1 -0.166667 0.233333
1138 1125 -2 1 -0.166667 0.233333
1138 1127 -2 1 -0.166667 -0.0333333
1139 903 -2 1 -0.233333 0.0333333
1139 903 -2 1 -0.233333 0.0333333
1139 905 -2 1 -0.233333 -0.233333
1139 915 -2 1 -0.233333 0.433333
1139 916 -2 1 -0.233333 0.3
1139 916 -2 1 -0.233333 0.3
1139 917 -2 1 -0.233333 0.166667
1139 919 -2 1 -0.1 -0.1
1139 920 -2 1 -0.1 -0.233333
1139 930 -2 1 -0.1 0.433333
1139 932 -2 1 -0.1 0.166667
1139 933 -2 1 0.0333333 0.0333333
1139 934 -2 1 0.0333333 -0.1
1139 934 -2 1 0.0333333 -0.1
1139 935 -2 1 0.0333333 -0.233333
1139 935 -2 1 0.0333333 -0.233333
1139 935 -2 1 0.0333333 -0.233333
1139 936 -2 1 0.0333333 -0.366667
1139 946 -2 1 0.0333333 0.3
1139 947 -2 1 0.0333333 0.166667
1139 949 -2 1 0.166667 -0.1
1139 962 -2 1 0.166667 0.166667
1139 963 -2 1 0.3 0.0333333
1139 965 -2 1 0.3 -0.233333
1139 966 -2 1 0.3 -0.366667
1139 978 -2 1 0.433333 0.0333333
1139 980 -2 1 0.433333 -0.233333
1139 1126 -2 1 -0.366667 0.3
1140 905 -2 1 -0.233333 -0.0333333
1140 905 -2 1 -0.233333 -0.0333333
1140 908 -2 1 -0.233333 -0.433333
1140 917 -2 1 -0.233333 0.366667
1140 918 -2 1 -0.1 0.233333
1140 919 -2 1 -0.1 0.1
1140 934 -2 1 0.0333333 0.1
1140 935 -2 1 0.0333333 -0.0333333
1140 935 -2 1 0.0333333 -0.0333333
1140 935 -2 1 0.0333333 -0.0333333
1140 937 -2 1 0.0333333 -0.3
1140 938 -2 1 0.0333333 -0.433333
1140 948 -2 1 0.166667 0.233333
1140 963 -2 1 0.3 0.233333
1140 966 -2 1 0.3 -0.166667
1140 967 -2 1 0.3 -0.3
1140 1114 -2 1 -0.366667 0.1
1140 1115 -2 1 -0.366667 -0.0333333
1140 1116 -2 1 -0.366667 -0.166667
1141 905 -2 1 -0.233333 0.166667
1141 906 -2 1 -0.233333 0.0333333
1141 906 -2 1 -0.233333 0.0333333
1141 907 -2 1 -0.233333 -0.1
1141 908 -2 1 -0.233333 -0.233333
1141 908 -2 1 -0.233333 -0.233333
1141 919 -2 1 -0.1 0.3
1141 919 -2 1 -0.1 0.3
1141 920 -2 1 -0.1 0.166667
1141 921 -2 1 -0.1 0.0333333
1141 921 -2 1 -0.1 0.0333333
1141 921 -2 1 -0.1 0.0333333
1141 924 -2 1 -0.1 -0.366667
1141 934 -2 1 0.0333333 0.3
1141 936 -2 1 0.0333333 0.0333333
1141 936 -2 1 0.0333333 0.0333333
1141 938 -2 1 0.0333333 -0.233333
1141 949 -2 1 0.166667 0.3
1141 950 -2 1 0.166667 0.166667
1141 953 -2 1 0.166667 -0.233333
1141 954 -2 1 0.166667 -0.366667
1141 967 -2 1 0.3 -0.1
1141 969 -2 1 0.3 -0.366667
1141 1115 -2 1 -0.366667 0.166667
1141 1116 -2 1 -0.366667 0.0333333
1141 1118 -2 1 -0.366667 -0.233333
1142 907 -2 1 -0.233333 0.1
1142 908 -2 1 -0.233333 -0.0333333
1142 920 -2 1 -0.1 0.366667
1142 920 -2 1 -0.1 0.366667
1142 921 -2 1 -0.1 0.233333
1142 922 -2 1 -0.1 0.1
1142 924 -2 1 -0.1 -0.166667
1142 925 -2 1 -0.1 -0.3
1142 926 -2 1 -0.1 -0.433333
1142 936 -2 1 0.0333333 0.233333
1142 937 -2 1 0.0333333 0.1
1142 938 -2 1 0.0333333 -0.0333333
1142 938 -2 1 0.0333333 -0.0333333
1142 939 -2 1 0.0333333 -0.166667
1142 941 -2 1 0.0333333 -0.433333
1142 950 -2 1 0.166667 0.366667
1142 951 -2 1 0.166667 0.233333
1142 951 -2 1 0.166667 0.233333
1142 952 -2 1 0.166667 0.1
1142 952 -2 1 0.166667 0.1
1142 953 -2 1 0.166667 -0.0333333
1142 954 -2 1 0.166667 -0.166667
1142 954 -2 1 0.166667 -0.166667
1142 955 -2 1 0.166667 -0.3
1142 968 -2 1 0.3 -0.0333333
1142 970 -2 1 0.3 -0.3
1142 983 -2 1 0.433333 -0.0333333
1142 984 -2 1 0.433333 -0.166667
1143 907 -2 1 -0.233333 0.3
1143 907 -2 1 -0.233333 0.3
1143 909 -2 1 -0.233333 0.0333333
1143 910 -2 1 -0.233333 -0.1
1143 921 -2 1 -0.1 0.433333
1143 923 -2 1 -0.1 0.166667
1143 925 -2 1 -0.1 -0.1
1143 926 -2 1 -0.1 -0.233333
1143 927 -2 1 -0.1 -0.366667
1143 936 -2 1 0.0333333 0.433333
1143 941 -2 1 0.0333333 -0.233333
1143 953 -2 1 0.166667 0.166667
1143 953 -2 1 0.166667 0.166667
1143 955 -2 1 0.166667 -0.1
1143 955 -2 1 0.166667 -0.1
1143 985 -2 1 0.433333 -0.1
1143 985 -2 1 0.433333 -0.1
1143 1117 -2 1 -0.366667 0.3
1143 1118 -2 1 -0.366667 0.166667
1144 910 -2 1 -0.233333 0.1
1144 911 -2 1 -0.233333 -0.0333333
1144 913 -2 1 -0.233333 -0.3
1144 925 -2 1 -0.1 0.1
1144 925 -2 1 -0.1 0.1
1144 926 -2 1 -0.1 -0.0333333
1144 926 -2 1 -0.1 -0.0333333
1144 939 -2 1 0.0333333 0.233333
1144 940 -2 1 0.0333333 0.1
1144 940 -2 1 0.0333333 0.1
1144 941 -2 1 0.0333333 -0.0333333
1144 942 -2 1 0.0333333 -0.166667
1144 942 -2 1 0.0333333 -0.166667
1144 942 -2 1 0.0333333 -0.166667
1144 942 -2 1 0.0333333 -0.166667
1144 953 -2 1 0.166667 0.366667
1144 955 -2 1 0.166667 0.1
1144 955 -2 1 0.166667 0.1
1144 955 -2 1 0.166667 0.1
1144 956 -2 1 0.166667 -0.0333333
1144 958 -2 1 0.166667 -0.3
1144 959 -2 1 0.166667 -0.433333
1144 968 -2 1 0.3 0.366667
1144 968 -2 1 0.3 0.366667
1144 970 -2 1 0.3 0.1
1144 971 -2 1 0.3 -0.0333333
1144 972 -2 1 0.3 -0.166667
1144 973 -2 1 0.3 -0.3
1144 984 -2 1 0.433333 0.233333
1144 986 -2 1 0.433333 -0.0333333
1144 987 -2 1 0.433333 -0.166667
1144 1120 -2 1 -0.366667 0.1
1144 1121 -2 1 -0.366667 -0.0333333
1145 911 -2 1 -0.233333 0.166667
1145 912 -2 1 -0.233333 0.0333333
1145 924 -2 1 -0.1 0.433333
1145 925 -2 1 -0.1 0.3
1145 926 -2 1 -0.1 0.166667
1145 926 -2 1 -0.1 0.166667
1145 927 -2 1 -0.1 0.0333333
1145 929 -2 1 -0.1 -0.233333
1145 930 -2 1 -0.1 -0.366667
1145 940 -2 1 0.0333333 0.3
1145 940 -2 1 0.0333333 0.3
1145 940 -2 1 0.0333333 0.3
1145 941 -2 1 0.0333333 0.166667
1145 943 -2 1 0.0333333 -0.1
1145 943 -2 1 0.0333333 -0.1
1145 944 -2 1 0.0333333 -0.233333
1145 944 -2 1 0.0333333 -0.233333
1145 955 -2 1 0.166667 0.3
1145 956 -2 1 0.166667 0.166667
1145 956 -2 1 0.166667 0.166667
1145 957 -2 1 0.166667 0.0333333
1145 958 -2 1 0.166667 -0.1
1145 958 -2 1 0.166667 -0.1
1145 959 -2 1 0.166667 -0.233333
1145 959 -2 1 0.166667 -0.233333
1145 960 -2 1 0.166667 -0.366667
1145 971 -2 1 0.3 0.166667
1145 973 -2 1 0.3 -0.1
1145 986 -2 1 0.433333 0.166667
1145 988 -2 1 0.433333 -0.1
1145 1120 -2 1 -0.366667 0.3
1145 1122 -2 1 -0.366667 0.0333333
1146 913 -2 1 -0.233333 0.1
1146 914 -2 1 -0.233333 -0.0333333
1146 915 -2 1 -0.233333 -0.166667
1146 928 -2 1 -0.1 0.1
1146 929 -2 1 -0.1 -0.0333333
1146 929 -2 1 -0.1 -0.0333333
1146 929 -2 1 -0.1 -0.0333333
1146 930 -2 1 -0.1 -0.166667
1146 941 -2 1 0.0333333 0.366667
1146 942 -2 1 0.0333333 0.233333
1146 942 -2 1 0.0333333 0.233333
1146 942 -2 1 0.0333333 0.233333
1146 944 -2 1 0.0333333 -0.0333333
1146 944 -2 1 0.0333333 -0.0333333
1146 947 -2 1 0.0333333 -0.433333
1146 947 -2 1 0.0333333 -0.433333
1146 956 -2 1 0.166667 0.366667
1146 957 -2 1 0.166667 0.233333
1146 957 -2 1 0.166667 0.233333
1146 957 -2 1 0.166667 0.233333
1146 958 -2 1 0.166667 0.1
1146 959 -2 1 0.166667 -0.0333333
1146 960 -2 1 0.166667 -0.166667
1146 973 -2 1 0.3 0.1
1146 974 -2 1 0.3 -0.0333333
1146 974 -2 1 0.3 -0.0333333
1146 974 -2 1 0.3 -0.0333333
1146 988 -2 1 0.433333 0.1
1146 1124 -2 1 -0.366667 -0.0333333
1146 1126 -2 1 -0.366667 -0.3
1147 914 -2 1 -0.233333 0.166667
1147 915 -2 1 -0.233333 0.0333333
1147 915 -2 1 -0.233333 0.0333333
1147 916 -2 1 -0.233333 -0.1
1147 928 -2 1 -0.1 0.3
1147 928 -2 1 -0.1 0.3
1147 931 -2 1 -0.1 -0.1
1147 942 -2 1 0.0333333 0.433333
1147 945 -2 1 0.0333333 0.0333333
1147 946 -2 1 0.0333333 -0.1
1147 947 -2 1 0.0333333 -0.233333
1147 947 -2 1 0.0333333 -0.233333
1147 948 -2 1 0.166667 -0.366667
1147 960 -2 1 0.166667 0.0333333
1147 961 -2 1 0.166667 -0.1
1147 963 -2 1 0.3 -0.366667
1147 974 -2 1 0.3 0.166667
1147 975 -2 1 0.3 0.0333333
1147 975 -2 1 0.3 0.0333333
1147 977 -2 1 0.3 -0.233333
1147 992 -2 1 0.433333 -0.233333
1147 1125 -2 1 -0.366667 0.0333333
1147 1125 -2 1 -0.366667 0.0333333
1147 1126 -2 1 -0.366667 -0.1
1147 1126 -2 1 -0.366667 -0.1
1147 1127 -2 1 -0.366667 -0.233333
1148 904 -2 1 -0.233333 -0.3
1148 917 -2 1 -0.233333 -0.0333333
1148 917 -2 1 -0.233333 -0.0333333
1148 918 -2 1 -0.1 -0.166667
1148 929 -2 1 -0.1 0.366667
1148 933 -2 1 0.0333333 -0.166667
1148 946 -2 1 0.0333333 0.1
1148 947 -2 1 0.0333333 -0.0333333
1148 960 -2 1 0.166667 0.233333
1148 961 -2 1 0.166667 0.1
1148 961 -2 1 0.166667 0.1
1148 962 -2 1 0.166667 -0.0333333
1148 962 -2 1 0.166667 -0.0333333
1148 962 -2 1 0.166667 -0.0333333
1148 963 -2 1 0.3 -0.166667
1148 974 -2 1 0.3 0.366667
1148 975 -2 1 0.3 0.233333
1148 977 -2 1 0.3 -0.0333333
1148 1114 -2 1 -0.366667 -0.3
1148 1114 -2 1 -0.366667 -0.3
1148 1125 -2 1 -0.366667 0.233333
1149 903 -2 1 -0.433333 0.0333333
1149 918 -2 1 -0.3 0.0333333
1149 919 -2 1 -0.3 -0.1
1149 931 -2 1 -0.3 0.3
1149 932 -2 1 -0.3 0.166667
1149 933 -2 1 -0.166667 0.0333333
1149 945 -2 1 -0.166667 0.433333
1149 948 -2 1 -0.0333333 0.0333333
1149 949 -2 1 -0.0333333 -0.1
1149 949 -2 1 -0.0333333 -0.1
1149 949 -2 1 -0.0333333 -0.1
1149 950 -2 1 -0.0333333 -0.233333
1149 962 -2 1 -0.0333333 0.166667
1149 964 -2 1 0.1 -0.1
1149 964 -2 1 0.1 -0.1
1149 965 -2 1 0.1 -0.233333
1149 976 -2 1 0.1 0.3
1149 976 -2 1 0.1 0.3
1149 978 -2 1 0.233333 0.0333333
1149 980 -2 1 0.233333 -0.233333
1149 980 -2 1 0.233333 -0.233333
1149 981 -2 1 0.233333 -0.366667
1149 981 -2 1 0.233333 -0.366667
1149 993 -2 1 0.366667 0.0333333
1149 995 -2 1 0.366667 -0.233333
1149 995 -2 1 0.366667 -0.233333
1150 903 -2 1 -0.433333 0.233333
1150 918 -2 1 -0.3 0.233333
1150 933 -2 1 -0.166667 0.233333
1150 934 -2 1 -0.166667 0.1
1150 934 -2 1 -0.166667 0.1
1150 935 -2 1 -0.166667 -0.0333333
1150 936 -2 1 -0.166667 -0.166667
1150 937 -2 1 -0.166667 -0.3
1150 948 -2 1 -0.0333333 0.233333
1150 949 -2 1 -0.0333333 0.1
1150 950 -2 1 -0.0333333 -0.0333333
1150 951 -2 1 -0.0333333 -0.166667
1150 951 -2 1 -0.0333333 -0.166667
1150 951 -2 1 -0.0333333 -0.166667
1150 952 -2 1 -0.0333333 -0.3
1150 965 -2 1 0.1 -0.0333333
1150 967 -2 1 0.1 -0.3
1150 980 -2 1 0.233333 -0.0333333
1150 992 -2 1 0.233333 0.366667
1150 995 -2 1 0.366667 -0.0333333
1150 996 -2 1 0.366667 -0.166667
1151 906 -2 1 -0.433333 0.0333333
1151 920 -2 1 -0.3 0.166667
1151 922 -2 1 -0.3 -0.1
1151 922 -2 1 -0.3 -0.1
1151 923 -2 1 -0.3 -0.233333
1151 923 -2 1 -0.3 -0.233333
1151 923 -2 1 -0.3 -0.233333
1151 923 -2 1 -0.3 -0.233333
1151 924 -2 1 -0.3 -0.366667
1151 935 -2 1 -0.166667 0.166667
1151 936 -2 1 -0.166667 0.0333333
1151 936 -2 1 -0.166667 0.0333333
1151 948 -2 1 -0.0333333 0.433333
1151 949 -2 1 -0.0333333 0.3
1151 950 -2 1 -0.0333333 0.166667
1151 952 -2 1 -0.0333333 -0.1
1151 953 -2 1 -0.0333333 -0.233333
1151 954 -2 1 -0.0333333 -0.366667
1151 965 -2 1 0.1 0.166667
1151 965 -2 1 0.1 0.166667
1151 967 -2 1 0.1 -0.1
1151 968 -2 1 0.1 -0.233333
1151 979 -2 1 0.233333 0.3
1151 980 -2 1 0.233333 0.166667
1151 980 -2 1 0.233333 0.166667
1151 981 -2 1 0.233333 0.0333333
1151 981 -2 1 0.233333 0.0333333
1151 982 -2 1 0.233333 -0.1
1151 983 -2 1 0.233333 -0.233333
1151 984 -2 1 0.233333 -0.366667
1151 996 -2 1 0.366667 0.0333333
1151 997 -2 1 0.366667 -0.1
1151 998 -2 1 0.366667 -0.233333
1152 907 -2 1 -0.433333 0.1
1152 920 -2 1 -0.3 0.366667
1152 922 -2 1 -0.3 0.1
1152 922 -2 1 -0.3 0.1
1152 922 -2 1 -0.3 0.1
1152 923 -2 1 -0.3 -0.0333333
1152 924 -2 1 -0.3 -0.166667
1152 937 -2 1 -0.166667 0.1
1152 937 -2 1 -0.166667 0.1
1152 940 -2 1 -0.166667 -0.3
1152 952 -2 1 -0.0333333 0.1
1152 952 -2 1 -0.0333333 0.1
1152 953 -2 1 -0.0333333 -0.0333333
1152 953 -2 1 -0.0333333 -0.0333333
1152 956 -2 1 -0.0333333 -0.433333
1152 956 -2 1 -0.0333333 -0.433333
1152 965 -2 1 0.1 0.366667
1152 966 -2 1 0.1 0.233333
1152 966 -2 1 0.1 0.233333
1152 967 -2 1 0.1 0.1
1152 970 -2 1 0.1 -0.3
1152 980 -2 1 0.233333 0.366667
1152 981 -2 1 0.233333 0.233333
1152 982 -2 1 0.233333 0.1
1152 986 -2 1 0.233333 -0.433333
1152 996 -2 1 0.366667 0.233333
1153 909 -2 1 -0.433333 0.0333333
1153 910 -2 1 -0.433333 -0.1
1153 910 -2 1 -0.433333 -0.1
1153 924 -2 1 -0.3 0.0333333
1153 925 -2 1 -0.3 -0.1
1153 936 -2 1 -0.166667 0.433333
1153 938 -2 1 -0.166667 0.166667
1153 939 -2 1 -0.166667 0.0333333
1153 939 -2 1 -0.166667 0.0333333
1153 940 -2 1 -0.166667 -0.1
1153 951 -2 1 -0.0333333 0.433333
1153 952 -2 1 -0.0333333 0.3
1153 952 -2 1 -0.0333333 0.3
1153 954 -2 1 -0.0333333 0.0333333
1153 955 -2 1 -0.0333333 -0.1
1153 957 -2 1 -0.0333333 -0.366667
1153 967 -2 1 0.1 0.3
1153 967 -2 1 0.1 0.3
1153 967 -2 1 0.1 0.3
1153 969 -2 1 0.1 0.0333333
1153 970 -2 1 0.1 -0.1
1153 971 -2 1 0.1 -0.233333
1153 984 -2 1 0.233333 0.0333333
1153 984 -2 1 0.233333 0.0333333
1153 984 -2 1 0.233333 0.0333333
1153 999 -2 1 0.366667 0.0333333
1153 1000 -2 1 0.366667 -0.1
1154 911 -2 1 -0.433333 -0.0333333
1154 924 -2 1 -0.3 0.233333
1154 925 -2 1 -0.3 0.1
1154 927 -2 1 -0.3 -0.166667
1154 938 -2 1 -0.166667 0.366667
1154 940 -2 1 -0.166667 0.1
1154 943 -2 1 -0.166667 -0.3
1154 954 -2 1 -0.0333333 0.233333
1154 954 -2 1 -0.0333333 0.233333
1154 955 -2 1 -0.0333333 0.1
1154 956 -2 1 -0.0333333 -0.0333333
1154 956 -2 1 -0.0333333 -0.0333333
1154 968 -2 1 0.1 0.366667
1154 969 -2 1 0.1 0.233333
1154 970 -2 1 0.1 0.1
1154 970 -2 1 0.1 0.1
1154 970 -2 1 0.1 0.1
1154 972 -2 1 0.1 -0.166667
1154 972 -2 1 0.1 -0.166667
1154 972 -2 1 0.1 -0.166667
1154 972 -2 1 0.1 -0.166667
1154 986 -2 1 0.233333 -0.0333333
1154 987 -2 1 0.233333 -0.166667
1154 989 -2 1 0.233333 -0.433333
1154 1000 -2 1 0.366667 0.1
1154 1000 -2 1 0.366667 0.1
1155 914 -2 1 -0.433333 -0.233333
1155 925 -2 1 -0.3 0.3
1155 926 -2 1 -0.3 0.166667
1155 926 -2 1 -0.3 0.166667
1155 927 -2 1 -0.3 0.0333333
1155 930 -2 1 -0.3 -0.366667
1155 939 -2 1 -0.166667 0.433333
1155 941 -2 1 -0.166667 0.166667
1155 941 -2 1 -0.166667 0.166667
1155 943 -2 1 -0.166667 -0.1
1155 944 -2 1 -0.166667 -0.233333
1155 944 -2 1 -0.166667 -0.233333
1155 945 -2 1 -0.166667 -0.366667
1155 957 -2 1 -0.0333333 0.0333333
1155 958 -2 1 -0.0333333 -0.1
1155 959 -2 1 -0.0333333 -0.233333
1155 972 -2 1 0.1 0.0333333
1155 972 -2 1 0.1 0.0333333
1155 973 -2 1 0.1 -0.1
1155 973 -2 1 0.1 -0.1
1155 985 -2 1 0.233333 0.3
1155 1001 -2 1 0.366667 0.166667
1155 1002 -2 1 0.366667 0.0333333
1155 1003 -2 1 0.366667 -0.1
1156 915 -2 1 -0.433333 -0.166667
1156 926 -2 1 -0.3 0.366667
1156 926 -2 1 -0.3 0.366667
1156 927 -2 1 -0.3 0.233333
1156 928 -2 1 -0.3 0.1
1156 928 -2 1 -0.3 0.1
1156 930 -2 1 -0.3 -0.166667
1156 930 -2 1 -0.3 -0.166667
1156 931 -2 1 -0.3 -0.3
1156 941 -2 1 -0.166667 0.366667
1156 942 -2 1 -0.166667 0.233333
1156 943 -2 1 -0.166667 0.1
1156 943 -2 1 -0.166667 0.1
1156 944 -2 1 -0.166667 -0.0333333
1156 945 -2 1 -0.166667 -0.166667
1156 945 -2 1 -0.166667 -0.166667
1156 947 -2 1 -0.166667 -0.433333
1156 957 -2 1 -0.0333333 0.233333
1156 957 -2 1 -0.0333333 0.233333
1156 958 -2 1 -0.0333333 0.1
1156 960 -2 1 -0.0333333 -0.166667
1156 961 -2 1 -0.0333333 -0.3
1156 962 -2 1 -0.0333333 -0.433333
1156 971 -2 1 0.1 0.366667
1156 972 -2 1 0.1 0.233333
1156 973 -2 1 0.1 0.1
1156 976 -2 1 0.1 -0.3
1156 987 -2 1 0.233333 0.233333
1156 988 -2 1 0.233333 0.1
1156 989 -2 1 0.233333 -0.0333333
1156 990 -2 1 0.233333 -0.166667
1156 990 -2 1 0.233333 -0.166667
1156 992 -2 1 0.233333 -0.433333
1156 1002 -2 1 0.366667 0.233333
1156 1003 -2 1 0.366667 0.1
1156 1004 -2 1 0.366667 -0.0333333
1157 918 -2 1 -0.3 -0.366667
1157 928 -2 1 -0.3 0.3
1157 929 -2 1 -0.3 0.166667
1157 943 -2 1 -0.166667 0.3
1157 944 -2 1 -0.166667 0.166667
1157 946 -2 1 -0.166667 -0.1
1157 947 -2 1 -0.166667 -0.233333
1157 958 -2 1 -0.0333333 0.3
1157 958 -2 1 -0.0333333 0.3
1157 958 -2 1 -0.0333333 0.3
1157 959 -2 1 -0.0333333 0.166667
1157 959 -2 1 -0.0333333 0.166667
1157 960 -2 1 -0.0333333 0.0333333
1157 973 -2 1 0.1 0.3
1157 975 -2 1 0.1 0.0333333
1157 976 -2 1 0.1 -0.1
1157 991 -2 1 0.233333 -0.1
1157 992 -2 1 0.233333 -0.233333
1157 1005 -2 1 0.366667 0.0333333
1157 1007 -2 1 0.366667 -0.233333
1158 903 -2 1 -0.433333 -0.166667
1158 915 -2 1 -0.433333 0.233333
1158 916 -2 1 -0.433333 0.1
1158 917 -2 1 -0.433333 -0.0333333
1158 929 -2 1 -0.3 0.366667
1158 932 -2 1 -0.3 -0.0333333
1158 933 -2 1 -0.166667 -0.166667
1158 934 -2 1 -0.166667 -0.3
1158 949 -2 1 -0.0333333 -0.3
1158 959 -2 1 -0.0333333 0.366667
1158 959 -2 1 -0.0333333 0.366667
1158 960 -2 1 -0.0333333 0.233333
1158 960 -2 1 -0.0333333 0.233333
1158 962 -2 1 -0.0333333 -0.0333333
1158 963 -2 1 0.1 -0.166667
1158 975 -2 1 0.1 0.233333
1158 976 -2 1 0.1 0.1
1158 978 -2 1 0.233333 -0.166667
1158 979 -2 1 0.233333 -0.3
1158 980 -2 1 0.233333 -0.433333
1158 989 -2 1 0.233333 0.366667
1158 990 -2 1 0.233333 0.233333
1158 992 -2 1 0.233333 -0.0333333
1158 994 -2 1 0.366667 -0.3
1159 934 -2 1 -0.366667 -0.1
1159 935 -2 1 -0.366667 -0.233333
1159 948 -2 1 -0.233333 0.0333333
1159 949 -2 1 -0.233333 -0.1
1159 963 -2 1 -0.1 0.0333333
1159 963 -2 1 -0.1 0.0333333
1159 964 -2 1 -0.1 -0.1
1159 964 -2 1 -0.1 -0.1
1159 965 -2 1 -0.1 -0.233333
1159 975 -2 1 -0.1 0.433333
1159 977 -2 1 -0.1 0.166667
1159 977 -2 1 -0.1 0.166667
1159 977 -2 1 -0.1 0.166667
1159 978 -2 1 0.0333333 0.0333333
1159 978 -2 1 0.0333333 0.0333333
1159 979 -2 1 0.0333333 -0.1
1159 979 -2 1 0.0333333 -0.1
1159 981 -2 1 0.0333333 -0.366667
1159 981 -2 1 0.0333333 -0.366667
1159 991 -2 1 0.0333333 0.3
1159 992 -2 1 0.0333333 0.166667
1159 994 -2 1 0.166667 -0.1
1159 995 -2 1 0.166667 -0.233333
1159 1006 -2 1 0.166667 0.3
1159 1006 -2 1 0.166667 0.3
1159 1006 -2 1 0.166667 0.3
1159 1008 -2 1 0.3 0.0333333
1159 1022 -2 1 0.3 0.166667
1159 1022 -2 1 0.3 0.166667
1160 950 -2 1 -0.233333 -0.0333333
1160 950 -2 1 -0.233333 -0.0333333
1160 951 -2 1 -0.233333 -0.166667
1160 952 -2 1 -0.233333 -0.3
1160 952 -2 1 -0.233333 -0.3
1160 962 -2 1 -0.233333 0.366667
1160 962 -2 1 -0.233333 0.366667
1160 962 -2 1 -0.233333 0.366667
1160 962 -2 1 -0.233333 0.366667
1160 965 -2 1 -0.1 -0.0333333
1160 966 -2 1 -0.1 -0.166667
1160 966 -2 1 -0.1 -0.166667
1160 977 -2 1 -0.1 0.366667
1160 978 -2 1 0.0333333 0.233333
1160 978 -2 1 0.0333333 0.233333
1160 980 -2 1 0.0333333 -0.0333333
1160 994 -2 1 0.166667 0.1
1160 996 -2 1 0.166667 -0.166667
1160 1011 -2 1 0.3 -0.166667
1160 1025 -2 1 0.433333 -0.0333333
1160 1025 -2 1 0.433333 -0.0333333
1161 934 -2 1 -0.366667 0.3
1161 937 -2 1 -0.366667 -0.1
1161 951 -2 1 -0.233333 0.0333333
1161 953 -2 1 -0.233333 -0.233333
1161 954 -2 1 -0.233333 -0.366667
1161 964 -2 1 -0.1 0.3
1161 966 -2 1 -0.1 0.0333333
1161 966 -2 1 -0.1 0.0333333
1161 966 -2 1 -0.1 0.0333333
1161 968 -2 1 -0.1 -0.233333
1161 969 -2 1 -0.1 -0.366667
1161 982 -2 1 0.0333333 -0.1
1161 982 -2 1 0.0333333 -0.1
1161 982 -2 1 0.0333333 -0.1
1161 983 -2 1 0.0333333 -0.233333
1161 993 -2 1 0.166667 0.433333
1161 995 -2 1 0.166667 0.166667
1161 996 -2 1 0.166667 0.0333333
1161 997 -2 1 0.166667 -0.1
1161 999 -2 1 0.166667 -0.366667
1161 1010 -2 1 0.3 0.166667
1161 1011 -2 1 0.3 0.0333333
1161 1013 -2 1 0.3 -0.233333
1162 937 -2 1 -0.366667 0.1
1162 937 -2 1 -0.366667 0.1
1162 937 -2 1 -0.366667 0.1
1162 938 -2 1 -0.366667 -0.0333333
1162 940 -2 1 -0.366667 -0.3
1162 950 -2 1 -0.233333 0.366667
1162 950 -2 1 -0.233333 0.366667
1162 954 -2 1 -0.233333 -0.166667
1162 955 -2 1 -0.233333 -0.3
1162 967 -2 1 -0.1 0.1
1162 967 -2 1 -0.1 0.1
1162 969 -2 1 -0.1 -0.166667
1162 969 -2 1 -0.1 -0.166667
1162 970 -2 1 -0.1 -0.3
1162 971 -2 1 -0.1 -0.433333
1162 982 -2 1 0.0333333 0.1
1162 982 -2 1 0.0333333 0.1
1162 983 -2 1 0.0333333 -0.0333333
1162 984 -2 1 0.0333333 -0.166667
1162 985 -2 1 0.0333333 -0.3
1162 985 -2 1 0.0333333 -0.3
1162 997 -2 1 0.166667 0.1
1162 997 -2 1 0.166667 0.1
1162 997 -2 1 0.166667 0.1
1162 998 -2 1 0.166667 -0.0333333
1162 998 -2 1 0.166667 -0.0333333
1162 999 -2 1 0.166667 -0.166667
1162 999 -2 1 0.166667 -0.166667
1162 1000 -2 1 0.166667 -0.3
1162 1011 -2 1 0.3 0.233333
1162 1028 -2 1 0.433333 -0.0333333
1163 952 -2 1 -0.233333 0.3
1163 953 -2 1 -0.233333 0.166667
1163 953 -2 1 -0.233333 0.166667
1163 954 -2 1 -0.233333 0.0333333
1163 966 -2 1 -0.1 0.433333
1163 967 -2 1 -0.1 0.3
1163 967 -2 1 -0.1 0.3
1163 968 -2 1 -0.1 0.166667
1163 968 -2 1 -0.1 0.166667
1163 969 -2 1 -0.1 0.0333333
1163 971 -2 1 -0.1 -0.233333
1163 971 -2 1 -0.1 -0.233333
1163 983 -2 1 0.0333333 0.166667
1163 983 -2 1 0.0333333 0.166667
1163 985 -2 1 0.0333333 -0.1
1163 985 -2 1 0.0333333 -0.1
1163 986 -2 1 0.0333333 -0.233333
1163 986 -2 1 0.0333333 -0.233333
1163 997 -2 1 0.166667 0.3
1163 998 -2 1 0.166667 0.166667
1163 999 -2 1 0.166667 0.0333333
1163 1000 -2 1 0.166667 -0.1
1163 1000 -2 1 0.166667 -0.1
1163 1002 -2 1 0.166667 -0.366667
1163 1002 -2 1 0.166667 -0.366667
1163 1012 -2 1 0.3 0.3
1163 1013 -2 1 0.3 0.166667
1163 1013 -2 1 0.3 0.166667
1163 1015 -2 1 0.3 -0.1
1163 1016 -2 1 0.3 -0.233333
1163 1029 -2 1 0.433333 0.0333333
1163 1030 -2 1 0.433333 -0.1
1164 939 -2 1 -0.366667 0.233333
1164 942 -2 1 -0.366667 -0.166667
1164 956 -2 1 -0.233333 -0.0333333
1164 958 -2 1 -0.233333 -0.3
1164 972 -2 1 -0.1 -0.166667
1164 974 -2 1 -0.1 -0.433333
1164 974 -2 1 -0.1 -0.433333
1164 983 -2 1 0.0333333 0.366667
1164 984 -2 1 0.0333333 0.233333
1164 986 -2 1 0.0333333 -0.0333333
1164 986 -2 1 0.0333333 -0.0333333
1164 988 -2 1 0.0333333 -0.3
1164 999 -2 1 0.166667 0.233333
1164 1015 -2 1 0.3 0.1
1164 1017 -2 1 0.3 -0.166667
1165 943 -2 1 -0.366667 -0.1
1165 954 -2 1 -0.233333 0.433333
1165 954 -2 1 -0.233333 0.433333
1165 955 -2 1 -0.233333 0.3
1165 956 -2 1 -0.233333 0.166667
1165 957 -2 1 -0.233333 0.0333333
1165 970 -2 1 -0.1 0.3
1165 970 -2 1 -0.1 0.3
1165 971 -2 1 -0.1 0.166667
1165 971 -2 1 -0.1 0.166667
1165 974 -2 1 -0.1 -0.233333
1165 985 -2 1 0.0333333 0.3
1165 985 -2 1 0.0333333 0.3
1165 987 -2 1 0.0333333 0.0333333
1165 988 -2 1 0.0333333 -0.1
1165 988 -2 1 0.0333333 -0.1
1165 990 -2 1 0.0333333 -0.366667
1165 1001 -2 1 0.166667 0.166667
1165 1004 -2 1 0.166667 -0.233333
1165 1004 -2 1 0.166667 -0.233333
1165 1016 -2 1 0.3 0.166667
1165 1018 -2 1 0.3 -0.1
1165 1019 -2 1 0.3 -0.233333
1165 1031 -2 1 0.433333 0.166667
1165 1033 -2 1 0.433333 -0.1
1166 944 -2 1 -0.366667 -0.0333333
1166 944 -2 1 -0.366667 -0.0333333
1166 956 -2 1 -0.233333 0.366667
1166 960 -2 1 -0.233333 -0.166667
1166 961 -2 1 -0.233333 -0.3
1166 961 -2 1 -0.233333 -0.3
1166 961 -2 1 -0.233333 -0.3
1166 972 -2 1 -0.1 0.233333
1166 973 -2 1 -0.1 0.1
1166 973 -2 1 -0.1 0.1
1166 974 -2 1 -0.1 -0.0333333
1166 975 -2 1 -0.1 -0.166667
1166 976 -2 1 -0.1 -0.3
1166 976 -2 1 -0.1 -0.3
1166 977 -2 1 -0.1 -0.433333
1166 986 -2 1 0.0333333 0.366667
1166 986 -2 1 0.0333333 0.366667
1166 988 -2 1 0.0333333 0.1
1166 988 -2 1 0.0333333 0.1
1166 989 -2 1 0.0333333 -0.0333333
1166 990 -2 1 0.0333333 -0.166667
1166 991 -2 1 0.0333333 -0.3
1166 1001 -2 1 0.166667 0.366667
1166 1004 -2 1 0.166667 -0.0333333
1166 1017 -2 1 0.3 0.233333
1166 1019 -2 1 0.3 -0.0333333
1166 1020 -2 1 0.3 -0.166667
1166 1020 -2 1 0.3 -0.166667
1166 1032 -2 1 0.433333 0.233333
1166 1033 -2 1 0.433333 0.1
1166 1034 -2 1 0.433333 -0.0333333
1167 944 -2 1 -0.366667 0.166667
1167 945 -2 1 -0.366667 0.0333333
1167 945 -2 1 -0.366667 0.0333333
1167 946 -2 1 -0.366667 -0.1
1167 946 -2 1 -0.366667 -0.1
1167 957 -2 1 -0.233333 0.433333
1167 961 -2 1 -0.233333 -0.1
1167 961 -2 1 -0.233333 -0.1
1167 973 -2 1 -0.1 0.3
1167 973 -2 1 -0.1 0.3
1167 975 -2 1 -0.1 0.0333333
1167 976 -2 1 -0.1 -0.1
1167 976 -2 1 -0.1 -0.1
1167 976 -2 1 -0.1 -0.1
1167 977 -2 1 -0.1 -0.233333
1167 987 -2 1 0.0333333 0.433333
1167 987 -2 1 0.0333333 0.433333
1167 987 -2 1 0.0333333 0.433333
1167 989 -2 1 0.0333333 0.166667
1167 989 -2 1 0.0333333 0.166667
1167 990 -2 1 0.0333333 0.0333333
1167 991 -2 1 0.0333333 -0.1
1167 993 -2 1 0.166667 -0.366667
1167 1005 -2 1 0.166667 0.0333333
1167 1005 -2 1 0.166667 0.0333333
1167 1008 -2 1 0.3 -0.366667
1167 1018 -2 1 0.3 0.3
1167 1020 -2 1 0.3 0.0333333
1167 1020 -2 1 0.3 0.0333333
1167 1020 -2 1 0.3 0.0333333
1167 1034 -2 1 0.433333 0.166667
1168 933 -2 1 -0.366667 -0.166667
1168 947 -2 1 -0.366667 -0.0333333
1168 949 -2 1 -0.233333 -0.3
1168 961 -2 1 -0.233333 0.1
1168 962 -2 1 -0.233333 -0.0333333
1168 963 -2 1 -0.1 -0.166667
1168 965 -2 1 -0.1 -0.433333
1168 974 -2 1 -0.1 0.366667
1168 976 -2 1 -0.1 0.1
1168 977 -2 1 -0.1 -0.0333333
1168 977 -2 1 -0.1 -0.0333333
1168 978 -2 1 0.0333333 -0.166667
1168 979 -2 1 0.0333333 -0.3
1168 980 -2 1 0.0333333 -0.433333
1168 989 -2 1 0.0333333 0.366667
1168 990 -2 1 0.0333333 0.233333
1168 990 -2 1 0.0333333 0.233333
1168 991 -2 1 0.0333333 0.1
1168 991 -2 1 0.0333333 0.1
1168 992 -2 1 0.0333333 -0.0333333
1168 992 -2 1 0.0333333 -0.0333333
1168 993 -2 1 0.166667 -0.166667
1168 994 -2 1 0.166667 -0.3
1168 1004 -2 1 0.166667 0.366667
1168 1006 -2 1 0.166667 0.1
1168 1006 -2 1 0.166667 0.1
1168 1020 -2 1 0.3 0.233333
1168 1021 -2 1 0.3 0.1
1168 1022 -2 1 0.3 -0.0333333
1168 1036 -2 1 0.433333 0.1
1168 1037 -2 1 0.433333 -0.0333333
1169 948 -2 1 -0.433333 0.0333333
1169 950 -2 1 -0.433333 -0.233333
1169 964 -2 1 -0.3 -0.1
1169 965 -2 1 -0.3 -0.233333
1169 979 -2 1 -0.166667 -0.1
1169 990 -2 1 -0.166667 0.433333
1169 991 -2 1 -0.166667 0.3
1169 993 -2 1 -0.0333333 0.0333333
1169 993 -2 1 -0.0333333 0.0333333
1169 994 -2 1 -0.0333333 -0.1
1169 994 -2 1 -0.0333333 -0.1
1169 995 -2 1 -0.0333333 -0.233333
1169 995 -2 1 -0.0333333 -0.233333
1169 1005 -2 1 -0.0333333 0.433333
1169 1008 -2 1 0.1 0.0333333
1169 1008 -2 1 0.1 0.0333333
1169 1008 -2 1 0.1 0.0333333
1169 1009 -2 1 0.1 -0.1
1169 1010 -2 1 0.1 -0.233333
1169 1023 -2 1 0.233333 0.0333333
1169 1023 -2 1 0.233333 0.0333333
1169 1026 -2 1 0.233333 -0.366667
1169 1026 -2 1 0.233333 -0.366667
1169 1038 -2 1 0.366667 0.0333333
1169 1038 -2 1 0.366667 0.0333333
1170 948 -2 1 -0.433333 0.233333
1170 949 -2 1 -0.433333 0.1
1170 950 -2 1 -0.433333 -0.0333333
1170 951 -2 1 -0.433333 -0.166667
1170 963 -2 1 -0.3 0.233333
1170 963 -2 1 -0.3 0.233333
1170 964 -2 1 -0.3 0.1
1170 964 -2 1 -0.3 0.1
1170 965 -2 1 -0.3 -0.0333333
1170 966 -2 1 -0.3 -0.166667
1170 979 -2 1 -0.166667 0.1
1170 982 -2 1 -0.166667 -0.3
1170 983 -2 1 -0.166667 -0.433333
1170 992 -2 1 -0.166667 0.366667
1170 993 -2 1 -0.0333333 0.233333
1170 994 -2 1 -0.0333333 0.1
1170 997 -2 1 -0.0333333 -0.3
1170 1007 -2 1 -0.0333333 0.366667
1170 1007 -2 1 -0.0333333 0.366667
1170 1009 -2 1 0.1 0.1
1170 1009 -2 1 0.1 0.1
1170 1010 -2 1 0.1 -0.0333333
1170 1011 -2 1 0.1 -0.166667
1170 1011 -2 1 0.1 -0.166667
1170 1011 -2 1 0.1 -0.166667
1170 1024 -2 1 0.233333 0.1
1170 1024 -2 1 0.233333 0.1
1170 1025 -2 1 0.233333 -0.0333333
1170 1026 -2 1 0.233333 -0.166667
1170 1026 -2 1 0.233333 -0.166667
1170 1026 -2 1 0.233333 -0.166667
1170 1042 -2 1 0.366667 -0.3
1171 951 -2 1 -0.433333 0.0333333
1171 965 -2 1 -0.3 0.166667
1171 968 -2 1 -0.3 -0.233333
1171 980 -2 1 -0.166667 0.166667
1171 981 -2 1 -0.166667 0.0333333
1171 981 -2 1 -0.166667 0.0333333
1171 994 -2 1 -0.0333333 0.3
1171 994 -2 1 -0.0333333 0.3
1171 996 -2 1 -0.0333333 0.0333333
1171 996 -2 1 -0.0333333 0.0333333
1171 996 -2 1 -0.0333333 0.0333333
1171 997 -2 1 -0.0333333 -0.1
1171 997 -2 1 -0.0333333 -0.1
1171 997 -2 1 -0.0333333 -0.1
1171 998 -2 1 -0.0333333 -0.233333
1171 1010 -2 1 0.1 0.166667
1171 1012 -2 1 0.1 -0.1
1171 1013 -2 1 0.1 -0.233333
1171 1014 -2 1 0.1 -0.366667
1171 1024 -2 1 0.233333 0.3
1171 1025 -2 1 0.233333 0.166667
1171 1025 -2 1 0.233333 0.166667
1171 1028 -2 1 0.233333 -0.233333
1172 951 -2 1 -0.433333 0.233333
1172 966 -2 1 -0.3 0.233333
1172 968 -2 1 -0.3 -0.0333333
1172 969 -2 1 -0.3 -0.166667
1172 969 -2 1 -0.3 -0.166667
1172 983 -2 1 -0.166667 -0.0333333
1172 983 -2 1 -0.166667 -0.0333333
1172 984 -2 1 -0.166667 -0.166667
1172 984 -2 1 -0.166667 -0.166667
1172 985 -2 1 -0.166667 -0.3
1172 986 -2 1 -0.166667 -0.433333
1172 997 -2 1 -0.0333333 0.1
1172 998 -2 1 -0.0333333 -0.0333333
1172 998 -2 1 -0.0333333 -0.0333333
1172 998 -2 1 -0.0333333 -0.0333333
1172 1000 -2 1 -0.0333333 -0.3
1172 1011 -2 1 0.1 0.233333
1172 1011 -2 1 0.1 0.233333
1172 1013 -2 1 0.1 -0.0333333
1172 1014 -2 1 0.1 -0.166667
1172 1014 -2 1 0.1 -0.166667
1172 1015 -2 1 0.1 -0.3
1172 1015 -2 1 0.1 -0.3
1172 1026 -2 1 0.233333 0.233333
1172 1028 -2 1 0.233333 -0.0333333
1172 1028 -2 1 0.233333 -0.0333333
1172 1028 -2 1 0.233333 -0.0333333
1172 1029 -2 1 0.233333 -0.166667
1172 1041 -2 1 0.366667 0.233333
1172 1043 -2 1 0.366667 -0.0333333
1172 1044 -2 1 0.366667 -0.166667
1173 969 -2 1 -0.3 0.0333333
1173 970 -2 1 -0.3 -0.1
1173 970 -2 1 -0.3 -0.1
1173 971 -2 1 -0.3 -0.233333
1173 972 -2 1 -0.3 -0.366667
1173 998 -2 1 -0.0333333 0.166667
1173 999 -2 1 -0.0333333 0.0333333
1173 1000 -2 1 -0.0333333 -0.1
1173 1002 -2 1 -0.0333333 -0.366667
1173 1002 -2 1 -0.0333333 -0.366667
1173 1011 -2 1 0.1 0.433333
1173 1012 -2 1 0.1 0.3
1173 1014 -2 1 0.1 0.0333333
1173 1014 -2 1 0.1 0.0333333
1173 1014 -2 1 0.1 0.0333333
1173 1015 -2 1 0.1 -0.1
1173 1015 -2 1 0.1 -0.1
1173 1015 -2 1 0.1 -0.1
1173 1016 -2 1 0.1 -0.233333
1173 1016 -2 1 0.1 -0.233333
1173 1017 -2 1 0.1 -0.366667
1173 1029 -2 1 0.233333 0.0333333
1173 1029 -2 1 0.233333 0.0333333
1173 1044 -2 1 0.366667 0.0333333
1173 1045 -2 1 0.366667 -0.1
1174 968 -2 1 -0.3 0.366667
1174 968 -2 1 -0.3 0.366667
1174 969 -2 1 -0.3 0.233333
1174 969 -2 1 -0.3 0.233333
1174 972 -2 1 -0.3 -0.166667
1174 984 -2 1 -0.166667 0.233333
1174 987 -2 1 -0.166667 -0.166667
1174 988 -2 1 -0.166667 -0.3
1174 999 -2 1 -0.0333333 0.233333
1174 999 -2 1 -0.0333333 0.233333
1174 1001 -2 1 -0.0333333 -0.0333333
1174 1002 -2 1 -0.0333333 -0.166667
1174 1003 -2 1 -0.0333333 -0.3
1174 1003 -2 1 -0.0333333 -0.3
1174 1004 -2 1 -0.0333333 -0.433333
1174 1015 -2 1 0.1 0.1
1174 1017 -2 1 0.1 -0.166667
1174 1017 -2 1 0.1 -0.166667
1174 1017 -2 1 0.1 -0.166667
1174 1019 -2 1 0.1 -0.433333
1174 1030 -2 1 0.233333 0.1
1174 1030 -2 1 0.233333 0.1
1174 1030 -2 1 0.233333 0.1
1174 1032 -2 1 0.233333 -0.166667
1174 1032 -2 1 0.233333 -0.166667
1174 1033 -2 1 0.233333 -0.3
1174 1044 -2 1 0.366667 0.233333
1174 1046 -2 1 0.366667 -0.0333333
1174 1048 -2 1 0.366667 -0.3
1175 971 -2 1 -0.3 0.166667
1175 973 -2 1 -0.3 -0.1
1175 984 -2 1 -0.166667 0.433333
1175 986 -2 1 -0.166667 0.166667
1175 987 -2 1 -0.166667 0.0333333
1175 988 -2 1 -0.166667 -0.1
1175 988 -2 1 -0.166667 -0.1
1175 989 -2 1 -0.166667 -0.233333
1175 1000 -2 1 -0.0333333 0.3
1175 1001 -2 1 -0.0333333 0.166667
1175 1002 -2 1 -0.0333333 0.0333333
1175 1002 -2 1 -0.0333333 0.0333333
1175 1002 -2 1 -0.0333333 0.0333333
1175 1003 -2 1 -0.0333333 -0.1
1175 1004 -2 1 -0.0333333 -0.233333
1175 1004 -2 1 -0.0333333 -0.233333
1175 1005 -2 1 -0.0333333 -0.366667
1175 1005 -2 1 -0.0333333 -0.366667
1175 1016 -2 1 0.1 0.166667
1175 1016 -2 1 0.1 0.166667
1175 1017 -2 1 0.1 0.0333333
1175 1017 -2 1 0.1 0.0333333
1175 1017 -2 1 0.1 0.0333333
1175 1018 -2 1 0.1 -0.1
1175 1018 -2 1 0.1 -0.1
1175 1018 -2 1 0.1 -0.1
1175 1032 -2 1 0.233333 0.0333333
1175 1033 -2 1 0.233333 -0.1
1175 1033 -2 1 0.233333 -0.1
1175 1046 -2 1 0.366667 0.166667
1175 1047 -2 1 0.366667 0.0333333
1175 1048 -2 1 0.366667 -0.1
1176 959 -2 1 -0.433333 -0.0333333
1176 959 -2 1 -0.433333 -0.0333333
1176 960 -2 1 -0.433333 -0.166667
1176 960 -2 1 -0.433333 -0.166667
1176 960 -2 1 -0.433333 -0.166667
1176 971 -2 1 -0.3 0.366667
1176 975 -2 1 -0.3 -0.166667
1176 975 -2 1 -0.3 -0.166667
1176 976 -2 1 -0.3 -0.3
1176 989 -2 1 -0.166667 -0.0333333
1176 989 -2 1 -0.166667 -0.0333333
1176 989 -2 1 -0.166667 -0.0333333
1176 991 -2 1 -0.166667 -0.3
1176 992 -2 1 -0.166667 -0.433333
1176 1003 -2 1 -0.0333333 0.1
1176 1003 -2 1 -0.0333333 0.1
1176 1004 -2 1 -0.0333333 -0.0333333
1176 1006 -2 1 -0.0333333 -0.3
1176 1007 -2 1 -0.0333333 -0.433333
1176 1007 -2 1 -0.0333333 -0.433333
1176 1018 -2 1 0.1 0.1
1176 1018 -2 1 0.1 0.1
1176 1019 -2 1 0.1 -0.0333333
1176 1020 -2 1 0.1 -0.166667
1176 1031 -2 1 0.233333 0.366667
1176 1034 -2 1 0.233333 -0.0333333
1176 1035 -2 1 0.233333 -0.166667
1176 1035 -2 1 0.233333 -0.166667
1176 1035 -2 1 0.233333 -0.166667
1176 1036 -2 1 0.233333 -0.3
1176 1048 -2 1 0.366667 0.1
1176 1049 -2 1 0.366667 -0.0333333
1177 959 -2 1 -0.433333 0.166667
1177 961 -2 1 -0.433333 -0.1
1177 963 -2 1 -0.3 -0.366667
1177 963 -2 1 -0.3 -0.366667
1177 978 -2 1 -0.166667 -0.366667
1177 989 -2 1 -0.166667 0.166667
1177 990 -2 1 -0.166667 0.0333333
1177 990 -2 1 -0.166667 0.0333333
1177 991 -2 1 -0.166667 -0.1
1177 1004 -2 1 -0.0333333 0.166667
1177 1004 -2 1 -0.0333333 0.166667
1177 1007 -2 1 -0.0333333 -0.233333
1177 1007 -2 1 -0.0333333 -0.233333
1177 1007 -2 1 -0.0333333 -0.233333
1177 1008 -2 1 0.1 -0.366667
1177 1018 -2 1 0.1 0.3
1177 1019 -2 1 0.1 0.166667
1177 1021 -2 1 0.1 -0.1
1177 1021 -2 1 0.1 -0.1
1177 1023 -2 1 0.233333 -0.366667
1177 1032 -2 1 0.233333 0.433333
1177 1034 -2 1 0.233333 0.166667
1177 1035 -2 1 0.233333 0.0333333
1177 1036 -2 1 0.233333 -0.1
1177 1036 -2 1 0.233333 -0.1
1177 1037 -2 1 0.233333 -0.233333
1177 1048 -2 1 0.366667 0.3
1178 948 -2 1 -0.433333 -0.166667
1178 948 -2 1 -0.433333 -0.166667
1178 964 -2 1 -0.3 -0.3
1178 964 -2 1 -0.3 -0.3
1178 964 -2 1 -0.3 -0.3
1178 964 -2 1 -0.3 -0.3
1178 974 -2 1 -0.3 0.366667
1178 974 -2 1 -0.3 0.366667
1178 975 -2 1 -0.3 0.233333
1178 975 -2 1 -0.3 0.233333
1178 977 -2 1 -0.3 -0.0333333
1178 977 -2 1 -0.3 -0.0333333
1178 978 -2 1 -0.166667 -0.166667
1178 978 -2 1 -0.166667 -0.166667
1178 978 -2 1 -0.166667 -0.166667
1178 979 -2 1 -0.166667 -0.3
1178 1005 -2 1 -0.0333333 0.233333
1178 1005 -2 1 -0.0333333 0.233333
1178 1006 -2 1 -0.0333333 0.1
1178 1006 -2 1 -0.0333333 0.1
1178 1007 -2 1 -0.0333333 -0.0333333
1178 1008 -2 1 0.1 -0.166667
1178 1009 -2 1 0.1 -0.3
1178 1010 -2 1 0.1 -0.433333
1178 1020 -2 1 0.1 0.233333
1178 1021 -2 1 0.1 0.1
1178 1022 -2 1 0.1 -0.0333333
1178 1022 -2 1 0.1 -0.0333333
1178 1023 -2 1 0.233333 -0.166667
1178 1023 -2 1 0.233333 -0.166667
1178 1035 -2 1 0.233333 0.233333
1178 1037 -2 1 0.233333 -0.0333333
1178 1038 -2 1 0.366667 -0.166667
1178 1039 -2 1 0.366667 -0.3
1179 991 -2 1 -0.366667 0.3
1179 992 -2 1 -0.366667 0.166667
1179 995 -2 1 -0.233333 -0.233333
1179 1005 -2 1 -0.233333 0.433333
1179 1006 -2 1 -0.233333 0.3
1179 1007 -2 1 -0.233333 0.166667
1179 1008 -2 1 -0.1 0.0333333
1179 1008 -2 1 -0.1 0.0333333
1179 1025 -2 1 0.0333333 -0.233333
1179 1037 -2 1 0.0333333 0.166667
1179 1037 -2 1 0.0333333 0.166667
1179 1040 -2 1 0.166667 -0.233333
1179 1051 -2 1 0.166667 0.3
1179 1052 -2 1 0.166667 0.166667
1179 1053 -2 1 0.3 0.0333333
1179 1054 -2 1 0.3 -0.1
1179 1054 -2 1 0.3 -0.1
1179 1066 -2 1 0.3 0.3
1179 1067 -2 1 0.3 0.166667
1179 1067 -2 1 0.3 0.166667
1180 979 -2 1 -0.366667 0.1
1180 981 -2 1 -0.366667 -0.166667
1180 981 -2 1 -0.366667 -0.166667
1180 982 -2 1 -0.366667 -0.3
1180 994 -2 1 -0.233333 0.1
1180 995 -2 1 -0.233333 -0.0333333
1180 995 -2 1 -0.233333 -0.0333333
1180 996 -2 1 -0.233333 -0.166667
1180 1008 -2 1 -0.1 0.233333
1180 1009 -2 1 -0.1 0.1
1180 1009 -2 1 -0.1 0.1
1180 1009 -2 1 -0.1 0.1
1180 1010 -2 1 -0.1 -0.0333333
1180 1010 -2 1 -0.1 -0.0333333
1180 1010 -2 1 -0.1 -0.0333333
1180 1011 -2 1 -0.1 -0.166667
1180 1012 -2 1 -0.1 -0.3
1180 1024 -2 1 0.0333333 0.1
1180 1024 -2 1 0.0333333 0.1
1180 1027 -2 1 0.0333333 -0.3
1180 1037 -2 1 0.0333333 0.366667
1180 1041 -2 1 0.166667 -0.166667
1180 1055 -2 1 0.3 -0.0333333
1180 1055 -2 1 0.3 -0.0333333
1180 1056 -2 1 0.3 -0.166667
1180 1056 -2 1 0.3 -0.166667
1181 979 -2 1 -0.366667 0.3
1181 979 -2 1 -0.366667 0.3
1181 980 -2 1 -0.366667 0.166667
1181 982 -2 1 -0.366667 -0.1
1181 983 -2 1 -0.366667 -0.233333
1181 993 -2 1 -0.233333 0.433333
1181 994 -2 1 -0.233333 0.3
1181 995 -2 1 -0.233333 0.166667
1181 995 -2 1 -0.233333 0.166667
1181 996 -2 1 -0.233333 0.0333333
1181 1008 -2 1 -0.1 0.433333
1181 1010 -2 1 -0.1 0.166667
1181 1013 -2 1 -0.1 -0.233333
1181 1013 -2 1 -0.1 -0.233333
1181 1024 -2 1 0.0333333 0.3
1181 1025 -2 1 0.0333333 0.166667
1181 1027 -2 1 0.0333333 -0.1
1181 1027 -2 1 0.0333333 -0.1
1181 1027 -2 1 0.0333333 -0.1
1181 1039 -2 1 0.166667 0.3
1181 1040 -2 1 0.166667 0.166667
1181 1043 -2 1 0.166667 -0.233333
1181 1044 -2 1 0.166667 -0.366667
1181 1044 -2 1 0.166667 -0.366667
1181 1054 -2 1 0.3 0.3
1181 1057 -2 1 0.3 -0.1
1181 1057 -2 1 0.3 -0.1
1181 1058 -2 1 0.3 -0.233333
1181 1058 -2 1 0.3 -0.233333
1181 1070 -2 1 0.433333 0.166667
1182 981 -2 1 -0.366667 0.233333
1182 982 -2 1 -0.366667 0.1
1182 983 -2 1 -0.366667 -0.0333333
1182 996 -2 1 -0.233333 0.233333
1182 996 -2 1 -0.233333 0.233333
1182 998 -2 1 -0.233333 -0.0333333
1182 1000 -2 1 -0.233333 -0.3
1182 1012 -2 1 -0.1 0.1
1182 1012 -2 1 -0.1 0.1
1182 1014 -2 1 -0.1 -0.166667
1182 1014 -2 1 -0.1 -0.166667
1182 1014 -2 1 -0.1 -0.166667
1182 1015 -2 1 -0.1 -0.3
1182 1026 -2 1 0.0333333 0.233333
1182 1026 -2 1 0.0333333 0.233333
1182 1027 -2 1 0.0333333 0.1
1182 1028 -2 1 0.0333333 -0.0333333
1182 1029 -2 1 0.0333333 -0.166667
1182 1030 -2 1 0.0333333 -0.3
1182 1030 -2 1 0.0333333 -0.3
1182 1030 -2 1 0.0333333 -0.3
1182 1031 -2 1 0.0333333 -0.433333
1182 1040 -2 1 0.166667 0.366667
1182 1043 -2 1 0.166667 -0.0333333
1182 1046 -2 1 0.166667 -0.433333
1182 1057 -2 1 0.3 0.1
1182 1058 -2 1 0.3 -0.0333333
1182 1058 -2 1 0.3 -0.0333333
1182 1058 -2 1 0.3 -0.0333333
1183 982 -2 1 -0.366667 0.3
1183 985 -2 1 -0.366667 -0.1
1183 997 -2 1 -0.233333 0.3
1183 998 -2 1 -0.233333 0.166667
1183 999 -2 1 -0.233333 0.0333333
1183 999 -2 1 -0.233333 0.0333333
1183 1000 -2 1 -0.233333 -0.1
1183 1001 -2 1 -0.233333 -0.233333
1183 1012 -2 1 -0.1 0.3
1183 1013 -2 1 -0.1 0.166667
1183 1013 -2 1 -0.1 0.166667
1183 1014 -2 1 -0.1 0.0333333
1183 1014 -2 1 -0.1 0.0333333
1183 1015 -2 1 -0.1 -0.1
1183 1016 -2 1 -0.1 -0.233333
1183 1016 -2 1 -0.1 -0.233333
1183 1028 -2 1 0.0333333 0.166667
1183 1032 -2 1 0.0333333 -0.366667
1183 1041 -2 1 0.166667 0.433333
1183 1044 -2 1 0.166667 0.0333333
1183 1044 -2 1 0.166667 0.0333333
1183 1044 -2 1 0.166667 0.0333333
1183 1045 -2 1 0.166667 -0.1
1183 1057 -2 1 0.3 0.3
1183 1059 -2 1 0.3 0.0333333
1183 1060 -2 1 0.3 -0.1
1183 1060 -2 1 0.3 -0.1
1183 1075 -2 1 0.433333 -0.1
1183 1076 -2 1 0.433333 -0.233333
1184 987 -2 1 -0.366667 -0.166667
1184 1001 -2 1 -0.233333 -0.0333333
1184 1002 -2 1 -0.233333 -0.166667
1184 1002 -2 1 -0.233333 -0.166667
1184 1013 -2 1 -0.1 0.366667
1184 1016 -2 1 -0.1 -0.0333333
1184 1029 -2 1 0.0333333 0.233333
1184 1030 -2 1 0.0333333 0.1
1184 1030 -2 1 0.0333333 0.1
1184 1031 -2 1 0.0333333 -0.0333333
1184 1034 -2 1 0.0333333 -0.433333
1184 1034 -2 1 0.0333333 -0.433333
1184 1043 -2 1 0.166667 0.366667
1184 1044 -2 1 0.166667 0.233333
1184 1045 -2 1 0.166667 0.1
1184 1048 -2 1 0.166667 -0.3
1184 1048 -2 1 0.166667 -0.3
1184 1058 -2 1 0.3 0.366667
1184 1062 -2 1 0.3 -0.166667
1184 1062 -2 1 0.3 -0.166667
1184 1062 -2 1 0.3 -0.166667
1184 1076 -2 1 0.433333 -0.0333333
1185 985 -2 1 -0.366667 0.3
1185 987 -2 1 -0.366667 0.0333333
1185 987 -2 1 -0.366667 0.0333333
1185 988 -2 1 -0.366667 -0.1
1185 1000 -2 1 -0.233333 0.3
1185 1001 -2 1 -0.233333 0.166667
1185 1001 -2 1 -0.233333 0.166667
1185 1003 -2 1 -0.233333 -0.1
1185 1003 -2 1 -0.233333 -0.1
1185 1018 -2 1 -0.1 -0.1
1185 1018 -2 1 -0.1 -0.1
1185 1018 -2 1 -0.1 -0.1
1185 1019 -2 1 -0.1 -0.233333
1185 1019 -2 1 -0.1 -0.233333
1185 1020 -2 1 -0.1 -0.366667
1185 1031 -2 1 0.0333333 0.166667
1185 1031 -2 1 0.0333333 0.166667
1185 1032 -2 1 0.0333333 0.0333333
1185 1032 -2 1 0.0333333 0.0333333
1185 1033 -2 1 0.0333333 -0.1
1185 1034 -2 1 0.0333333 -0.233333
1185 1034 -2 1 0.0333333 -0.233333
1185 1045 -2 1 0.166667 0.3
1185 1046 -2 1 0.166667 0.166667
1185 1047 -2 1 0.166667 0.0333333
1185 1049 -2 1 0.166667 -0.233333
1185 1049 -2 1 0.166667 -0.233333
1185 1050 -2 1 0.166667 -0.366667
1185 1062 -2 1 0.3 0.0333333
1185 1062 -2 1 0.3 0.0333333
1185 1078 -2 1 0.433333 -0.1
1186 1003 -2 1 -0.233333 0.1
1186 1003 -2 1 -0.233333 0.1
1186 1005 -2 1 -0.233333 -0.166667
1186 1006 -2 1 -0.233333 -0.3
1186 1017 -2 1 -0.1 0.233333
1186 1018 -2 1 -0.1 0.1
1186 1019 -2 1 -0.1 -0.0333333
1186 1031 -2 1 0.0333333 0.366667
1186 1032 -2 1 0.0333333 0.233333
1186 1033 -2 1 0.0333333 0.1
1186 1033 -2 1 0.0333333 0.1
1186 1034 -2 1 0.0333333 -0.0333333
1186 1047 -2 1 0.166667 0.233333
1186 1051 -2 1 0.166667 -0.3
1186 1052 -2 1 0.166667 -0.433333
1186 1079 -2 1 0.433333 -0.0333333
1187 991 -2 1 -0.366667 -0.1
1187 993 -2 1 -0.233333 -0.366667
1187 1005 -2 1 -0.233333 0.0333333
1187 1006 -2 1 -0.233333 -0.1
1187 1006 -2 1 -0.233333 -0.1
1187 1007 -2 1 -0.233333 -0.233333
1187 1019 -2 1 -0.1 0.166667
1187 1019 -2 1 -0.1 0.166667
1187 1020 -2 1 -0.1 0.0333333
1187 1021 -2 1 -0.1 -0.1
1187 1021 -2 1 -0.1 -0.1
1187 1022 -2 1 -0.1 -0.233333
1187 1023 -2 1 0.0333333 -0.366667
1187 1033 -2 1 0.0333333 0.3
1187 1034 -2 1 0.0333333 0.166667
1187 1034 -2 1 0.0333333 0.166667
1187 1035 -2 1 0.0333333 0.0333333
1187 1035 -2 1 0.0333333 0.0333333
1187 1036 -2 1 0.0333333 -0.1
1187 1036 -2 1 0.0333333 -0.1
1187 1037 -2 1 0.0333333 -0.233333
1187 1048 -2 1 0.166667 0.3
1187 1050 -2 1 0.166667 0.0333333
1187 1051 -2 1 0.166667 -0.1
1187 1051 -2 1 0.166667 -0.1
1187 1064 -2 1 0.3 0.166667
1187 1064 -2 1 0.3 0.166667
1187 1064 -2 1 0.3 0.166667
1187 1065 -2 1 0.3 0.0333333
1187 1066 -2 1 0.3 -0.1
1187 1066 -2 1 0.3 -0.1
1187 1067 -2 1 0.3 -0.233333
1187 1079 -2 1 0.433333 0.166667
1188 979 -2 1 -0.366667 -0.3
1188 990 -2 1 -0.366667 0.233333
1188 991 -2 1 -0.366667 0.1
1188 992 -2 1 -0.366667 -0.0333333
1188 993 -2 1 -0.233333 -0.166667
1188 993 -2 1 -0.233333 -0.166667
1188 993 -2 1 -0.233333 -0.166667
1188 1008 -2 1 -0.1 -0.166667
1188 1010 -2 1 -0.1 -0.433333
1188 1021 -2 1 -0.1 0.1
1188 1022 -2 1 -0.1 -0.0333333
1188 1022 -2 1 -0.1 -0.0333333
1188 1025 -2 1 0.0333333 -0.433333
1188 1025 -2 1 0.0333333 -0.433333
1188 1035 -2 1 0.0333333 0.233333
1188 1035 -2 1 0.0333333 0.233333
1188 1036 -2 1 0.0333333 0.1
1188 1039 -2 1 0.166667 -0.3
1188 1049 -2 1 0.166667 0.366667
1188 1049 -2 1 0.166667 0.366667
1188 1050 -2 1 0.166667 0.233333
1188 1050 -2 1 0.166667 0.233333
1188 1051 -2 1 0.166667 0.1
1188 1052 -2 1 0.166667 -0.0333333
1188 1053 -2 1 0.3 -0.166667
1188 1053 -2 1 0.3 -0.166667
1188 1054 -2 1 0.3 -0.3
1188 1064 -2 1 0.3 0.366667
1188 1066 -2 1 0.3 0.1
1188 1067 -2 1 0.3 -0.0333333
1189 994 -2 1 -0.433333 -0.1
1189 1009 -2 1 -0.3 -0.1
1189 1009 -2 1 -0.3 -0.1
1189 1011 -2 1 -0.3 -0.366667
1189 1022 -2 1 -0.3 0.166667
1189 1022 -2 1 -0.3 0.166667
1189 1022 -2 1 -0.3 0.166667
1189 1024 -2 1 -0.166667 -0.1
1189 1024 -2 1 -0.166667 -0.1
1189 1024 -2 1 -0.166667 -0.1
1189 1024 -2 1 -0.166667 -0.1
1189 1025 -2 1 -0.166667 -0.233333
1189 1026 -2 1 -0.166667 -0.366667
1189 1037 -2 1 -0.166667 0.166667
1189 1038 -2 1 -0.0333333 0.0333333
1189 1038 -2 1 -0.0333333 0.0333333
1189 1039 -2 1 -0.0333333 -0.1
1189 1051 -2 1 -0.0333333 0.3
1189 1051 -2 1 -0.0333333 0.3
1189 1052 -2 1 -0.0333333 0.166667
1189 1052 -2 1 -0.0333333 0.166667
1189 1053 -2 1 0.1 0.0333333
1189 1053 -2 1 0.1 0.0333333
1189 1053 -2 1 0.1 0.0333333
1189 1054 -2 1 0.1 -0.1
1189 1055 -2 1 0.1 -0.233333
1189 1067 -2 1 0.1 0.166667
1189 1067 -2 1 0.1 0.166667
1189 1067 -2 1 0.1 0.166667
1189 1068 -2 1 0.233333 0.0333333
1189 1068 -2 1 0.233333 0.0333333
1189 1068 -2 1 0.233333 0.0333333
1189 1069 -2 1 0.233333 -0.1
1189 1071 -2 1 0.233333 -0.366667
1189 1082 -2 1 0.233333 0.166667
1189 1084 -2 1 0.366667 -0.1
1189 1085 -2 1 0.366667 -0.233333
1189 1096 -2 1 0.366667 0.3
1190 1009 -2 1 -0.3 0.1
1190 1010 -2 1 -0.3 -0.0333333
1190 1010 -2 1 -0.3 -0.0333333
1190 1011 -2 1 -0.3 -0.166667
1190 1012 -2 1 -0.3 -0.3
1190 1023 -2 1 -0.166667 0.233333
1190 1023 -2 1 -0.166667 0.233333
1190 1023 -2 1 -0.166667 0.233333
1190 1024 -2 1 -0.166667 0.1
1190 1025 -2 1 -0.166667 -0.0333333
1190 1026 -2 1 -0.166667 -0.166667
1190 1027 -2 1 -0.166667 -0.3
1190 1027 -2 1 -0.166667 -0.3
1190 1028 -2 1 -0.166667 -0.433333
1190 1039 -2 1 -0.0333333 0.1
1190 1039 -2 1 -0.0333333 0.1
1190 1040 -2 1 -0.0333333 -0.0333333
1190 1041 -2 1 -0.0333333 -0.166667
1190 1042 -2 1 -0.0333333 -0.3
1190 1052 -2 1 -0.0333333 0.366667
1190 1053 -2 1 0.1 0.233333
1190 1054 -2 1 0.1 0.1
1190 1054 -2 1 0.1 0.1
1190 1057 -2 1 0.1 -0.3
1190 1058 -2 1 0.1 -0.433333
1190 1069 -2 1 0.233333 0.1
1190 1071 -2 1 0.233333 -0.166667
1190 1072 -2 1 0.233333 -0.3
1190 1073 -2 1 0.233333 -0.433333
1190 1082 -2 1 0.233333 0.366667
1191 1009 -2 1 -0.3 0.3
1191 1012 -2 1 -0.3 -0.1
1191 1013 -2 1 -0.3 -0.233333
1191 1023 -2 1 -0.166667 0.433333
1191 1024 -2 1 -0.166667 0.3
1191 1028 -2 1 -0.166667 -0.233333
1191 1038 -2 1 -0.0333333 0.433333
1191 1041 -2 1 -0.0333333 0.0333333
1191 1042 -2 1 -0.0333333 -0.1
1191 1056 -2 1 0.1 0.0333333
1191 1056 -2 1 0.1 0.0333333
1191 1057 -2 1 0.1 -0.1
1191 1058 -2 1 0.1 -0.233333
1191 1069 -2 1 0.233333 0.3
1191 1072 -2 1 0.233333 -0.1
1191 1074 -2 1 0.233333 -0.366667
1191 1086 -2 1 0.366667 0.0333333
1191 1088 -2 1 0.366667 -0.233333
1191 1088 -2 1 0.366667 -0.233333
1192 998 -2 1 -0.433333 -0.0333333
1192 999 -2 1 -0.433333 -0.166667
1192 1012 -2 1 -0.3 0.1
1192 1012 -2 1 -0.3 0.1
1192 1012 -2 1 -0.3 0.1
1192 1015 -2 1 -0.3 -0.3
1192 1025 -2 1 -0.166667 0.366667
1192 1027 -2 1 -0.166667 0.1
1192 1029 -2 1 -0.166667 -0.166667
1192 1030 -2 1 -0.166667 -0.3
1192 1041 -2 1 -0.0333333 0.233333
1192 1041 -2 1 -0.0333333 0.233333
1192 1041 -2 1 -0.0333333 0.233333
1192 1042 -2 1 -0.0333333 0.1
1192 1042 -2 1 -0.0333333 0.1
1192 1043 -2 1 -0.0333333 -0.0333333
1192 1056 -2 1 0.1 0.233333
1192 1056 -2 1 0.1 0.233333
1192 1057 -2 1 0.1 0.1
1192 1059 -2 1 0.1 -0.166667
1192 1060 -2 1 0.1 -0.3
1192 1060 -2 1 0.1 -0.3
1192 1061 -2 1 0.1 -0.433333
1192 1072 -2 1 0.233333 0.1
1192 1073 -2 1 0.233333 -0.0333333
1192 1073 -2 1 0.233333 -0.0333333
1192 1073 -2 1 0.233333 -0.0333333
1192 1074 -2 1 0.233333 -0.166667
1193 1014 -2 1 -0.3 0.0333333
1193 1015 -2 1 -0.3 -0.1
1193 1016 -2 1 -0.3 -0.233333
1193 1026 -2 1 -0.166667 0.433333
1193 1028 -2 1 -0.166667 0.166667
1193 1031 -2 1 -0.166667 -0.233333
1193 1031 -2 1 -0.166667 -0.233333
1193 1032 -2 1 -0.166667 -0.366667
1193 1041 -2 1 -0.0333333 0.433333
1193 1041 -2 1 -0.0333333 0.433333
1193 1042 -2 1 -0.0333333 0.3
1193 1042 -2 1 -0.0333333 0.3
1193 1043 -2 1 -0.0333333 0.166667
1193 1045 -2 1 -0.0333333 -0.1
1193 1046 -2 1 -0.0333333 -0.233333
1193 1056 -2 1 0.1 0.433333
1193 1057 -2 1 0.1 0.3
1193 1075 -2 1 0.233333 -0.1
1193 1077 -2 1 0.233333 -0.366667
1193 1088 -2 1 0.366667 0.166667
1193 1089 -2 1 0.366667 0.0333333
1193 1090 -2 1 0.366667 -0.1
1193 1090 -2 1 0.366667 -0.1
1194 1001 -2 1 -0.433333 -0.0333333
1194 1001 -2 1 -0.433333 -0.0333333
1194 1013 -2 1 -0.3 0.366667
1194 1016 -2 1 -0.3 -0.0333333
1194 1028 -2 1 -0.166667 0.366667
1194 1031 -2 1 -0.166667 -0.0333333
1194 1031 -2 1 -0.166667 -0.0333333
1194 1032 -2 1 -0.166667 -0.166667
1194 1045 -2 1 -0.0333333 0.1
1194 1047 -2 1 -0.0333333 -0.166667
1194 1047 -2 1 -0.0333333 -0.166667
1194 1047 -2 1 -0.0333333 -0.166667
1194 1059 -2 1 0.1 0.233333
1194 1063 -2 1 0.1 -0.3
1194 1074 -2 1 0.233333 0.233333
1194 1076 -2 1 0.233333 -0.0333333
1194 1077 -2 1 0.233333 -0.166667
1194 1077 -2 1 0.233333 -0.166667
1194 1079 -2 1 0.233333 -0.433333
1194 1089 -2 1 0.366667 0.233333
1194 1093 -2 1 0.366667 -0.3
1195 1001 -2 1 -0.433333 0.166667
1195 1003 -2 1 -0.433333 -0.1
1195 1004 -2 1 -0.433333 -0.233333
1195 1017 -2 1 -0.3 0.0333333
1195 1019 -2 1 -0.3 -0.233333
1195 1020 -2 1 -0.3 -0.366667
1195 1029 -2 1 -0.166667 0.433333
1195 1030 -2 1 -0.166667 0.3
1195 1031 -2 1 -0.166667 0.166667
1195 1032 -2 1 -0.166667 0.0333333
1195 1033 -2 1 -0.166667 -0.1
1195 1046 -2 1 -0.0333333 0.166667
1195 1047 -2 1 -0.0333333 0.0333333
1195 1047 -2 1 -0.0333333 0.0333333
1195 1047 -2 1 -0.0333333 0.0333333
1195 1047 -2 1 -0.0333333 0.0333333
1195 1049 -2 1 -0.0333333 -0.233333
1195 1060 -2 1 0.1 0.3
1195 1065 -2 1 0.1 -0.366667
1195 1076 -2 1 0.233333 0.166667
1195 1080 -2 1 0.233333 -0.366667
1195 1090 -2 1 0.366667 0.3
1195 1091 -2 1 0.366667 0.166667
1195 1093 -2 1 0.366667 -0.1
1195 1093 -2 1 0.366667 -0.1
1196 1016 -2 1 -0.3 0.366667
1196 1017 -2 1 -0.3 0.233333
1196 1019 -2 1 -0.3 -0.0333333
1196 1021 -2 1 -0.3 -0.3
1196 1033 -2 1 -0.166667 0.1
1196 1036 -2 1 -0.166667 -0.3
1196 1036 -2 1 -0.166667 -0.3
1196 1036 -2 1 -0.166667 -0.3
1196 1046 -2 1 -0.0333333 0.366667
1196 1047 -2 1 -0.0333333 0.233333
1196 1048 -2 1 -0.0333333 0.1
1196 1050 -2 1 -0.0333333 -0.166667
1196 1050 -2 1 -0.0333333 -0.166667
1196 1050 -2 1 -0.0333333 -0.166667
1196 1061 -2 1 0.1 0.366667
1196 1061 -2 1 0.1 0.366667
1196 1063 -2 1 0.1 0.1
1196 1063 -2 1 0.1 0.1
1196 1065 -2 1 0.1 -0.166667
1196 1066 -2 1 0.1 -0.3
1196 1078 -2 1 0.233333 0.1
1196 1078 -2 1 0.233333 0.1
1196 1093 -2 1 0.366667 0.1
1197 1005 -2 1 -0.433333 0.0333333
1197 1007 -2 1 -0.433333 -0.233333
1197 1020 -2 1 -0.3 0.0333333
1197 1021 -2 1 -0.3 -0.1
1197 1021 -2 1 -0.3 -0.1
1197 1034 -2 1 -0.166667 0.166667
1197 1036 -2 1 -0.166667 -0.1
1197 1037 -2 1 -0.166667 -0.233333
1197 1038 -2 1 -0.0333333 -0.366667
1197 1048 -2 1 -0.0333333 0.3
1197 1049 -2 1 -0.0333333 0.166667
1197 1050 -2 1 -0.0333333 0.0333333
1197 1050 -2 1 -0.0333333 0.0333333
1197 1050 -2 1 -0.0333333 0.0333333
1197 1051 -2 1 -0.0333333 -0.1
1197 1051 -2 1 -0.0333333 -0.1
1197 1052 -2 1 -0.0333333 -0.233333
1197 1064 -2 1 0.1 0.166667
1197 1065 -2 1 0.1 0.0333333
1197 1066 -2 1 0.1 -0.1
1197 1066 -2 1 0.1 -0.1
1197 1078 -2 1 0.233333 0.3
1197 1079 -2 1 0.233333 0.166667
1197 1080 -2 1 0.233333 0.0333333
1197 1081 -2 1 0.233333 -0.1
1197 1081 -2 1 0.233333 -0.1
1197 1082 -2 1 0.233333 -0.233333
1197 1093 -2 1 0.366667 0.3
1197 1094 -2 1 0.366667 0.166667
1197 1094 -2 1 0.366667 0.166667
1197 1097 -2 1 0.366667 -0.233333
1198 1009 -2 1 -0.3 -0.3
1198 1021 -2 1 -0.3 0.1
1198 1021 -2 1 -0.3 0.1
1198 1022 -2 1 -0.3 -0.0333333
1198 1037 -2 1 -0.166667 -0.0333333
1198 1038 -2 1 -0.0333333 -0.166667
1198 1038 -2 1 -0.0333333 -0.166667
1198 1040 -2 1 -0.0333333 -0.433333
1198 1040 -2 1 -0.0333333 -0.433333
1198 1040 -2 1 -0.0333333 -0.433333
1198 1050 -2 1 -0.0333333 0.233333
1198 1052 -2 1 -0.0333333 -0.0333333
1198 1053 -2 1 0.1 -0.166667
1198 1064 -2 1 0.1 0.366667
1198 1065 -2 1 0.1 0.233333
1198 1065 -2 1 0.1 0.233333
1198 1065 -2 1 0.1 0.233333
1198 1066 -2 1 0.1 0.1
1198 1066 -2 1 0.1 0.1
1198 1079 -2 1 0.233333 0.366667
1198 1081 -2 1 0.233333 0.1
1198 1084 -2 1 0.366667 -0.3
1198 1095 -2 1 0.366667 0.233333
1199 1037 -2 1 -0.366667 0.166667
1199 1040 -2 1 -0.233333 -0.233333
1199 1040 -2 1 -0.233333 -0.233333
1199 1041 -2 1 -0.233333 -0.366667
1199 1052 -2 1 -0.233333 0.166667
1199 1053 -2 1 -0.1 0.0333333
1199 1054 -2 1 -0.1 -0.1
1199 1056 -2 1 -0.1 -0.366667
1199 1067 -2 1 -0.1 0.166667
1199 1067 -2 1 -0.1 0.166667
1199 1068 -2 1 0.0333333 0.0333333
1199 1069 -2 1 0.0333333 -0.1
1199 1069 -2 1 0.0333333 -0.1
1199 1070 -2 1 0.0333333 -0.233333
1199 1070 -2 1 0.0333333 -0.233333
1199 1071 -2 1 0.0333333 -0.366667
1199 1080 -2 1 0.0333333 0.433333
1199 1080 -2 1 0.0333333 0.433333
1199 1080 -2 1 0.0333333 0.433333
1199 1081 -2 1 0.0333333 0.3
1199 1082 -2 1 0.0333333 0.166667
1199 1084 -2 1 0.166667 -0.1
1199 1084 -2 1 0.166667 -0.1
1199 1097 -2 1 0.166667 0.166667
1199 1099 -2 1 0.3 -0.1
1199 1101 -2 1 0.3 -0.366667
1199 1113 -2 1 0.433333 0.0333333
1199 1113 -2 1 0.433333 0.0333333
1199 1115 -2 1 0.433333 -0.233333
1199 1115 -2 1 0.433333 -0.233333
1200 1023 -2 1 -0.366667 0.233333
1200 1039 -2 1 -0.233333 0.1
1200 1040 -2 1 -0.233333 -0.0333333
1200 1040 -2 1 -0.233333 -0.0333333
1200 1042 -2 1 -0.233333 -0.3
1200 1043 -2 1 -0.233333 -0.433333
1200 1054 -2 1 -0.1 0.1
1200 1055 -2 1 -0.1 -0.0333333
1200 1055 -2 1 -0.1 -0.0333333
1200 1055 -2 1 -0.1 -0.0333333
1200 1056 -2 1 -0.1 -0.166667
1200 1069 -2 1 0.0333333 0.1
1200 1070 -2 1 0.0333333 -0.0333333
1200 1070 -2 1 0.0333333 -0.0333333
1200 1071 -2 1 0.0333333 -0.166667
1200 1072 -2 1 0.0333333 -0.3
1200 1072 -2 1 0.0333333 -0.3
1200 1083 -2 1 0.166667 0.233333
1200 1084 -2 1 0.166667 0.1
1200 1085 -2 1 0.166667 -0.0333333
1200 1085 -2 1 0.166667 -0.0333333
1200 1098 -2 1 0.3 0.233333
1200 1101 -2 1 0.3 -0.166667
1200 1116 -2 1 0.433333 -0.166667
1201 1028 -2 1 -0.366667 -0.233333
1201 1039 -2 1 -0.233333 0.3
1201 1039 -2 1 -0.233333 0.3
1201 1039 -2 1 -0.233333 0.3
1201 1042 -2 1 -0.233333 -0.1
1201 1055 -2 1 -0.1 0.166667
1201 1068 -2 1 0.0333333 0.433333
1201 1070 -2 1 0.0333333 0.166667
1201 1070 -2 1 0.0333333 0.166667
1201 1070 -2 1 0.0333333 0.166667
1201 1071 -2 1 0.0333333 0.0333333
1201 1072 -2 1 0.0333333 -0.1
1201 1073 -2 1 0.0333333 -0.233333
1201 1073 -2 1 0.0333333 -0.233333
1201 1074 -2 1 0.0333333 -0.366667
1201 1084 -2 1 0.166667 0.3
1201 1085 -2 1 0.166667 0.166667
1201 1085 -2 1 0.166667 0.166667
1201 1085 -2 1 0.166667 0.166667
1201 1086 -2 1 0.166667 0.0333333
1201 1087 -2 1 0.166667 -0.1
1201 1088 -2 1 0.166667 -0.233333
1201 1089 -2 1 0.166667 -0.366667
1201 1099 -2 1 0.3 0.3
1201 1100 -2 1 0.3 0.166667
1201 1100 -2 1 0.3 0.166667
1201 1101 -2 1 0.3 0.0333333
1201 1101 -2 1 0.3 0.0333333
1201 1104 -2 1 0.3 -0.366667
1201 1117 -2 1 0.433333 -0.1
1202 1026 -2 1 -0.366667 0.233333
1202 1027 -2 1 -0.366667 0.1
1202 1027 -2 1 -0.366667 0.1
1202 1027 -2 1 -0.366667 0.1
1202 1030 -2 1 -0.366667 -0.3
1202 1042 -2 1 -0.233333 0.1
1202 1044 -2 1 -0.233333 -0.166667
1202 1044 -2 1 -0.233333 -0.166667
1202 1056 -2 1 -0.1 0.233333
1202 1057 -2 1 -0.1 0.1
1202 1059 -2 1 -0.1 -0.166667
1202 1059 -2 1 -0.1 -0.166667
1202 1059 -2 1 -0.1 -0.166667
1202 1060 -2 1 -0.1 -0.3
1202 1070 -2 1 0.0333333 0.366667
1202 1071 -2 1 0.0333333 0.233333
1202 1072 -2 1 0.0333333 0.1
1202 1073 -2 1 0.0333333 -0.0333333
1202 1073 -2 1 0.0333333 -0.0333333
1202 1074 -2 1 0.0333333 -0.166667
1202 1074 -2 1 0.0333333 -0.166667
1202 1075 -2 1 0.0333333 -0.3
1202 1076 -2 1 0.0333333 -0.433333
1202 1086 -2 1 0.166667 0.233333
1202 1087 -2 1 0.166667 0.1
1202 1087 -2 1 0.166667 0.1
1202 1087 -2 1 0.166667 0.1
1202 1091 -2 1 0.166667 -0.433333
1202 1091 -2 1 0.166667 -0.433333
1202 1102 -2 1 0.3 0.1
1202 1103 -2 1 0.3 -0.0333333
1202 1104 -2 1 0.3 -0.166667
1202 1104 -2 1 0.3 -0.166667
1203 1027 -2 1 -0.366667 0.3
1203 1029 -2 1 -0.366667 0.0333333
1203 1029 -2 1 -0.366667 0.0333333
1203 1042 -2 1 -0.233333 0.3
1203 1043 -2 1 -0.233333 0.166667
1203 1045 -2 1 -0.233333 -0.1
1203 1059 -2 1 -0.1 0.0333333
1203 1060 -2 1 -0.1 -0.1
1203 1074 -2 1 0.0333333 0.0333333
1203 1075 -2 1 0.0333333 -0.1
1203 1076 -2 1 0.0333333 -0.233333
1203 1086 -2 1 0.166667 0.433333
1203 1087 -2 1 0.166667 0.3
1203 1088 -2 1 0.166667 0.166667
1203 1089 -2 1 0.166667 0.0333333
1203 1089 -2 1 0.166667 0.0333333
1203 1103 -2 1 0.3 0.166667
1204 1029 -2 1 -0.366667 0.233333
1204 1029 -2 1 -0.366667 0.233333
1204 1043 -2 1 -0.233333 0.366667
1204 1045 -2 1 -0.233333 0.1
1204 1045 -2 1 -0.233333 0.1
1204 1046 -2 1 -0.233333 -0.0333333
1204 1058 -2 1 -0.1 0.366667
1204 1059 -2 1 -0.1 0.233333
1204 1059 -2 1 -0.1 0.233333
1204 1060 -2 1 -0.1 0.1
1204 1060 -2 1 -0.1 0.1
1204 1061 -2 1 -0.1 -0.0333333
1204 1061 -2 1 -0.1 -0.0333333
1204 1062 -2 1 -0.1 -0.166667
1204 1063 -2 1 -0.1 -0.3
1204 1064 -2 1 -0.1 -0.433333
1204 1073 -2 1 0.0333333 0.366667
1204 1074 -2 1 0.0333333 0.233333
1204 1075 -2 1 0.0333333 0.1
1204 1077 -2 1 0.0333333 -0.166667
1204 1078 -2 1 0.0333333 -0.3
1204 1079 -2 1 0.0333333 -0.433333
1204 1088 -2 1 0.166667 0.366667
1204 1090 -2 1 0.166667 0.1
1204 1092 -2 1 0.166667 -0.166667
1204 1092 -2 1 0.166667 -0.166667
1204 1103 -2 1 0.3 0.366667
1204 1104 -2 1 0.3 0.233333
1204 1105 -2 1 0.3 0.1
1204 1119 -2 1 0.433333 0.233333
1204 1122 -2 1 0.433333 -0.166667
1205 1046 -2 1 -0.233333 0.166667
1205 1046 -2 1 -0.233333 0.166667
1205 1049 -2 1 -0.233333 -0.233333
1205 1049 -2 1 -0.233333 -0.233333
1205 1060 -2 1 -0.1 0.3
1205 1061 -2 1 -0.1 0.166667
1205 1061 -2 1 -0.1 0.166667
1205 1063 -2 1 -0.1 -0.1
1205 1064 -2 1 -0.1 -0.233333
1205 1065 -2 1 -0.1 -0.366667
1205 1075 -2 1 0.0333333 0.3
1205 1075 -2 1 0.0333333 0.3
1205 1076 -2 1 0.0333333 0.166667
1205 1077 -2 1 0.0333333 0.0333333
1205 1077 -2 1 0.0333333 0.0333333
1205 1077 -2 1 0.0333333 0.0333333
1205 1078 -2 1 0.0333333 -0.1
1205 1079 -2 1 0.0333333 -0.233333
1205 1079 -2 1 0.0333333 -0.233333
1205 1091 -2 1 0.166667 0.166667
1205 1092 -2 1 0.166667 0.0333333
1205 1093 -2 1 0.166667 -0.1
1205 1094 -2 1 0.166667 -0.233333
1205 1105 -2 1 0.3 0.3
1205 1105 -2 1 0.3 0.3
1205 1107 -2 1 0.3 0.0333333
1205 1108 -2 1 0.3 -0.1
1205 1108 -2 1 0.3 -0.1
1206 1035 -2 1 -0.366667 -0.166667
1206 1035 -2 1 -0.366667 -0.166667
1206 1036 -2 1 -0.366667 -0.3
1206 1046 -2 1 -0.233333 0.366667
1206 1047 -2 1 -0.233333 0.233333
1206 1048 -2 1 -0.233333 0.1
1206 1051 -2 1 -0.233333 -0.3
1206 1062 -2 1 -0.1 0.233333
1206 1063 -2 1 -0.1 0.1
1206 1063 -2 1 -0.1 0.1
1206 1066 -2 1 -0.1 -0.3
1206 1077 -2 1 0.0333333 0.233333
1206 1078 -2 1 0.0333333 0.1
1206 1079 -2 1 0.0333333 -0.0333333
1206 1080 -2 1 0.0333333 -0.166667
1206 1093 -2 1 0.166667 0.1
1206 1095 -2 1 0.166667 -0.166667
1206 1095 -2 1 0.166667 -0.166667
1206 1095 -2 1 0.166667 -0.166667
1206 1096 -2 1 0.166667 -0.3
1206 1108 -2 1 0.3 0.1
1206 1110 -2 1 0.3 -0.166667
1206 1123 -2 1 0.433333 0.1
1207 1033 -2 1 -0.366667 0.3
1207 1037 -2 1 -0.366667 -0.233333
1207 1048 -2 1 -0.233333 0.3
1207 1048 -2 1 -0.233333 0.3
1207 1063 -2 1 -0.1 0.3
1207 1063 -2 1 -0.1 0.3
1207 1065 -2 1 -0.1 0.0333333
1207 1066 -2 1 -0.1 -0.1
1207 1077 -2 1 0.0333333 0.433333
1207 1080 -2 1 0.0333333 0.0333333
1207 1081 -2 1 0.0333333 -0.1
1207 1082 -2 1 0.0333333 -0.233333
1207 1082 -2 1 0.0333333 -0.233333
1207 1083 -2 1 0.166667 -0.366667
1207 1096 -2 1 0.166667 -0.1
1207 1096 -2 1 0.166667 -0.1
1207 1108 -2 1 0.3 0.3
1207 1111 -2 1 0.3 -0.1
1207 1124 -2 1 0.433333 0.166667
1207 1125 -2 1 0.433333 0.0333333
1207 1125 -2 1 0.433333 0.0333333
1207 1125 -2 1 0.433333 0.0333333
1207 1127 -2 1 0.433333 -0.233333
1207 1127 -2 1 0.433333 -0.233333
1208 1023 -2 1 -0.366667 -0.166667
1208 1035 -2 1 -0.366667 0.233333
1208 1038 -2 1 -0.233333 -0.166667
1208 1038 -2 1 -0.233333 -0.166667
1208 1040 -2 1 -0.233333 -0.433333
1208 1049 -2 1 -0.233333 0.366667
1208 1049 -2 1 -0.233333 0.366667
1208 1051 -2 1 -0.233333 0.1
1208 1052 -2 1 -0.233333 -0.0333333
1208 1054 -2 1 -0.1 -0.3
1208 1054 -2 1 -0.1 -0.3
1208 1055 -2 1 -0.1 -0.433333
1208 1064 -2 1 -0.1 0.366667
1208 1067 -2 1 -0.1 -0.0333333
1208 1068 -2 1 0.0333333 -0.166667
1208 1068 -2 1 0.0333333 -0.166667
1208 1068 -2 1 0.0333333 -0.166667
1208 1070 -2 1 0.0333333 -0.433333
1208 1081 -2 1 0.0333333 0.1
1208 1081 -2 1 0.0333333 0.1
1208 1082 -2 1 0.0333333 -0.0333333
1208 1082 -2 1 0.0333333 -0.0333333
1208 1082 -2 1 0.0333333 -0.0333333
1208 1082 -2 1 0.0333333 -0.0333333
1208 1083 -2 1 0.166667 -0.166667
1208 1084 -2 1 0.166667 -0.3
1208 1084 -2 1 0.166667 -0.3
1208 1085 -2 1 0.166667 -0.433333
1208 1096 -2 1 0.166667 0.1
1208 1096 -2 1 0.166667 0.1
1208 1097 -2 1 0.166667 -0.0333333
1208 1097 -2 1 0.166667 -0.0333333
1208 1097 -2 1 0.166667 -0.0333333
1208 1109 -2 1 0.3 0.366667
1208 1110 -2 1 0.3 0.233333
1208 1110 -2 1 0.3 0.233333
1208 1127 -2 1 0.433333 -0.0333333
1209 1052 -2 1 -0.433333 0.166667
1209 1053 -2 1 -0.3 0.0333333
1209 1054 -2 1 -0.3 -0.1
1209 1067 -2 1 -0.3 0.166667
1209 1068 -2 1 -0.166667 0.0333333
1209 1069 -2 1 -0.166667 -0.1
1209 1070 -2 1 -0.166667 -0.233333
1209 1071 -2 1 -0.166667 -0.366667
1209 1080 -2 1 -0.166667 0.433333
1209 1082 -2 1 -0.166667 0.166667
1209 1083 -2 1 -0.0333333 0.0333333
1209 1086 -2 1 -0.0333333 -0.366667
1209 1086 -2 1 -0.0333333 -0.366667
1209 1096 -2 1 -0.0333333 0.3
1209 1098 -2 1 0.1 0.0333333
1209 1099 -2 1 0.1 -0.1
1209 1100 -2 1 0.1 -0.233333
1209 1101 -2 1 0.1 -0.366667
1209 1110 -2 1 0.1 0.433333
1209 1112 -2 1 0.1 0.166667
1209 1112 -2 1 0.1 0.166667
1209 1112 -2 1 0.1 0.166667
1209 1113 -2 1 0.233333 0.0333333
1209 1113 -2 1 0.233333 0.0333333
1209 1115 -2 1 0.233333 -0.233333
1209 1115 -2 1 0.233333 -0.233333
1210 904 -2 1 0.366667 0.1
1210 1038 -2 1 -0.433333 0.233333
1210 1039 -2 1 -0.433333 0.1
1210 1039 -2 1 -0.433333 0.1
1210 1053 -2 1 -0.3 0.233333
1210 1053 -2 1 -0.3 0.233333
1210 1069 -2 1 -0.166667 0.1
1210 1069 -2 1 -0.166667 0.1
1210 1071 -2 1 -0.166667 -0.166667
1210 1072 -2 1 -0.166667 -0.3
1210 1084 -2 1 -0.0333333 0.1
1210 1086 -2 1 -0.0333333 -0.166667
1210 1087 -2 1 -0.0333333 -0.3
1210 1099 -2 1 0.1 0.1
1210 1112 -2 1 0.1 0.366667
1210 1113 -2 1 0.233333 0.233333
1210 1114 -2 1 0.233333 0.1
1210 1114 -2 1 0.233333 0.1
1210 1115 -2 1 0.233333 -0.0333333
1210 1116 -2 1 0.233333 -0.166667
1210 1116 -2 1 0.233333 -0.166667
1210 1127 -2 1 0.233333 0.366667
1211 907 -2 1 0.366667 -0.1
1211 908 -2 1 0.366667 -0.233333
1211 908 -2 1 0.366667 -0.233333
1211 908 -2 1 0.366667 -0.233333
1211 1041 -2 1 -0.433333 0.0333333
1211 1042 -2 1 -0.433333 -0.1
1211 1043 -2 1 -0.433333 -0.233333
1211 1055 -2 1 -0.3 0.166667
1211 1055 -2 1 -0.3 0.166667
1211 1056 -2 1 -0.3 0.0333333
1211 1057 -2 1 -0.3 -0.1
1211 1057 -2 1 -0.3 -0.1
1211 1057 -2 1 -0.3 -0.1
1211 1069 -2 1 -0.166667 0.3
1211 1070 -2 1 -0.166667 0.166667
1211 1071 -2 1 -0.166667 0.0333333
1211 1085 -2 1 -0.0333333 0.166667
1211 1085 -2 1 -0.0333333 0.166667
1211 1086 -2 1 -0.0333333 0.0333333
1211 1087 -2 1 -0.0333333 -0.1
1211 1087 -2 1 -0.0333333 -0.1
1211 1087 -2 1 -0.0333333 -0.1
1211 1088 -2 1 -0.0333333 -0.233333
1211 1098 -2 1 0.1 0.433333
1211 1099 -2 1 0.1 0.3
1211 1100 -2 1 0.1 0.166667
1211 1101 -2 1 0.1 0.0333333
1211 1101 -2 1 0.1 0.0333333
1211 1114 -2 1 0.233333 0.3
1211 1116 -2 1 0.233333 0.0333333
1211 1118 -2 1 0.233333 -0.233333
1212 906 -2 1 0.366667 0.233333
1212 909 -2 1 0.366667 -0.166667
1212 910 -2 1 0.366667 -0.3
1212 1043 -2 1 -0.433333 -0.0333333
1212 1055 -2 1 -0.3 0.366667
1212 1055 -2 1 -0.3 0.366667
1212 1056 -2 1 -0.3 0.233333
1212 1058 -2 1 -0.3 -0.0333333
1212 1059 -2 1 -0.3 -0.166667
1212 1071 -2 1 -0.166667 0.233333
1212 1072 -2 1 -0.166667 0.1
1212 1072 -2 1 -0.166667 0.1
1212 1085 -2 1 -0.0333333 0.366667
1212 1088 -2 1 -0.0333333 -0.0333333
1212 1089 -2 1 -0.0333333 -0.166667
1212 1090 -2 1 -0.0333333 -0.3
1212 1100 -2 1 0.1 0.366667
1212 1100 -2 1 0.1 0.366667
1212 1101 -2 1 0.1 0.233333
1212 1101 -2 1 0.1 0.233333
1212 1102 -2 1 0.1 0.1
1212 1102 -2 1 0.1 0.1
1212 1102 -2 1 0.1 0.1
1212 1103 -2 1 0.1 -0.0333333
1212 1118 -2 1 0.233333 -0.0333333
1212 1118 -2 1 0.233333 -0.0333333
1213 907 -2 1 0.366667 0.3
1213 910 -2 1 0.366667 -0.1
1213 1043 -2 1 -0.433333 0.166667
1213 1044 -2 1 -0.433333 0.0333333
1213 1045 -2 1 -0.433333 -0.1
1213 1045 -2 1 -0.433333 -0.1
1213 1058 -2 1 -0.3 0.166667
1213 1058 -2 1 -0.3 0.166667
1213 1060 -2 1 -0.3 -0.1
1213 1060 -2 1 -0.3 -0.1
1213 1061 -2 1 -0.3 -0.233333
1213 1062 -2 1 -0.3 -0.366667
1213 1072 -2 1 -0.166667 0.3
1213 1075 -2 1 -0.166667 -0.1
1213 1075 -2 1 -0.166667 -0.1
1213 1087 -2 1 -0.0333333 0.3
1213 1088 -2 1 -0.0333333 0.166667
1213 1088 -2 1 -0.0333333 0.166667
1213 1088 -2 1 -0.0333333 0.166667
1213 1090 -2 1 -0.0333333 -0.1
1213 1090 -2 1 -0.0333333 -0.1
1213 1102 -2 1 0.1 0.3
1213 1105 -2 1 0.1 -0.1
1213 1105 -2 1 0.1 -0.1
1213 1106 -2 1 0.1 -0.233333
1213 1106 -2 1 0.1 -0.233333
1213 1119 -2 1 0.233333 0.0333333
1213 1121 -2 1 0.233333 -0.233333
1213 1121 -2 1 0.233333 -0.233333
1213 1121 -2 1 0.233333 -0.233333
1213 1121 -2 1 0.233333 -0.233333
1214 910 -2 1 0.366667 0.1
1214 911 -2 1 0.366667 -0.0333333
1214 913 -2 1 0.366667 -0.3
1214 1045 -2 1 -0.433333 0.1
1214 1046 -2 1 -0.433333 -0.0333333
1214 1059 -2 1 -0.3 0.233333
1214 1059 -2 1 -0.3 0.233333
1214 1062 -2 1 -0.3 -0.166667
1214 1062 -2 1 -0.3 -0.166667
1214 1063 -2 1 -0.3 -0.3
1214 1063 -2 1 -0.3 -0.3
1214 1074 -2 1 -0.166667 0.233333
1214 1075 -2 1 -0.166667 0.1
1214 1076 -2 1 -0.166667 -0.0333333
1214 1076 -2 1 -0.166667 -0.0333333
1214 1076 -2 1 -0.166667 -0.0333333
1214 1077 -2 1 -0.166667 -0.166667
1214 1078 -2 1 -0.166667 -0.3
1214 1090 -2 1 -0.0333333 0.1
1214 1090 -2 1 -0.0333333 0.1
1214 1091 -2 1 -0.0333333 -0.0333333
1214 1091 -2 1 -0.0333333 -0.0333333
1214 1092 -2 1 -0.0333333 -0.166667
1214 1104 -2 1 0.1 0.233333
1214 1105 -2 1 0.1 0.1
1214 1106 -2 1 0.1 -0.0333333
1214 1106 -2 1 0.1 -0.0333333
1214 1106 -2 1 0.1 -0.0333333
1214 1107 -2 1 0.1 -0.166667
1214 1107 -2 1 0.1 -0.166667
1214 1108 -2 1 0.1 -0.3
1214 1118 -2 1 0.233333 0.366667
1214 1119 -2 1 0.233333 0.233333
1214 1119 -2 1 0.233333 0.233333
1214 1120 -2 1 0.233333 0.1
1214 1120 -2 1 0.233333 0.1
1215 910 -2 1 0.366667 0.3
1215 911 -2 1 0.366667 0.166667
1215 914 -2 1 0.366667 -0.233333
1215 1061 -2 1 -0.3 0.166667
1215 1062 -2 1 -0.3 0.0333333
1215 1065 -2 1 -0.3 -0.366667
1215 1075 -2 1 -0.166667 0.3
1215 1076 -2 1 -0.166667 0.166667
1215 1090 -2 1 -0.0333333 0.3
1215 1092 -2 1 -0.0333333 0.0333333
1215 1092 -2 1 -0.0333333 0.0333333
1215 1093 -2 1 -0.0333333 -0.1
1215 1093 -2 1 -0.0333333 -0.1
1215 1106 -2 1 0.1 0.166667
1215 1107 -2 1 0.1 0.0333333
1215 1109 -2 1 0.1 -0.233333
1215 1109 -2 1 0.1 -0.233333
1215 1121 -2 1 0.233333 0.166667
1215 1123 -2 1 0.233333 -0.1
1215 1124 -2 1 0.233333 -0.233333
1215 1125 -2 1 0.233333 -0.366667
1216 912 -2 1 0.366667 0.233333
1216 914 -2 1 0.366667 -0.0333333
1216 1049 -2 1 -0.433333 -0.0333333
1216 1050 -2 1 -0.433333 -0.166667
1216 1061 -2 1 -0.3 0.366667
1216 1061 -2 1 -0.3 0.366667
1216 1061 -2 1 -0.3 0.366667
1216 1062 -2 1 -0.3 0.233333
1216 1064 -2 1 -0.3 -0.0333333
1216 1064 -2 1 -0.3 -0.0333333
1216 1065 -2 1 -0.3 -0.166667
1216 1065 -2 1 -0.3 -0.166667
1216 1078 -2 1 -0.166667 0.1
1216 1091 -2 1 -0.0333333 0.366667
1216 1092 -2 1 -0.0333333 0.233333
1216 1092 -2 1 -0.0333333 0.233333
1216 1092 -2 1 -0.0333333 0.233333
1216 1094 -2 1 -0.0333333 -0.0333333
1216 1094 -2 1 -0.0333333 -0.0333333
1216 1094 -2 1 -0.0333333 -0.0333333
1216 1094 -2 1 -0.0333333 -0.0333333
1216 1095 -2 1 -0.0333333 -0.166667
1216 1097 -2 1 -0.0333333 -0.433333
1216 1097 -2 1 -0.0333333 -0.433333
1216 1097 -2 1 -0.0333333 -0.433333
1216 1107 -2 1 0.1 0.233333
1216 1109 -2 1 0.1 -0.0333333
1216 1109 -2 1 0.1 -0.0333333
1216 1111 -2 1 0.1 -0.3
1216 1112 -2 1 0.1 -0.433333
1216 1122 -2 1 0.233333 0.233333
1217 913 -2 1 0.366667 0.3
1217 914 -2 1 0.366667 0.166667
1217 915 -2 1 0.366667 0.0333333
1217 1051 -2 1 -0.433333 -0.1
1217 1063 -2 1 -0.3 0.3
1217 1066 -2 1 -0.3 -0.1
1217 1077 -2 1 -0.166667 0.433333
1217 1078 -2 1 -0.166667 0.3
1217 1079 -2 1 -0.166667 0.166667
1217 1079 -2 1 -0.166667 0.166667
1217 1080 -2 1 -0.166667 0.0333333
1217 1081 -2 1 -0.166667 -0.1
1217 1082 -2 1 -0.166667 -0.233333
1217 1083 -2 1 -0.0333333 -0.366667
1217 1092 -2 1 -0.0333333 0.433333
1217 1093 -2 1 -0.0333333 0.3
1217 1094 -2 1 -0.0333333 0.166667
1217 1094 -2 1 -0.0333333 0.166667
1217 1094 -2 1 -0.0333333 0.166667
1217 1095 -2 1 -0.0333333 0.0333333
1217 1096 -2 1 -0.0333333 -0.1
1217 1107 -2 1 0.1 0.433333
1217 1108 -2 1 0.1 0.3
1217 1108 -2 1 0.1 0.3
1217 1109 -2 1 0.1 0.166667
1217 1111 -2 1 0.1 -0.1
1217 1111 -2 1 0.1 -0.1
1217 1123 -2 1 0.233333 0.3
1217 1124 -2 1 0.233333 0.166667
1217 1124 -2 1 0.233333 0.166667
1217 1126 -2 1 0.233333 -0.1
1218 904 -2 1 0.366667 -0.3
1218 915 -2 1 0.366667 0.233333
1218 1052 -2 1 -0.433333 -0.0333333
1218 1064 -2 1 -0.3 0.366667
1218 1067 -2 1 -0.3 -0.0333333
1218 1068 -2 1 -0.166667 -0.166667
1218 1068 -2 1 -0.166667 -0.166667
1218 1069 -2 1 -0.166667 -0.3
1218 1080 -2 1 -0.166667 0.233333
1218 1081 -2 1 -0.166667 0.1
1218 1081 -2 1 -0.166667 0.1
1218 1083 -2 1 -0.0333333 -0.166667
1218 1096 -2 1 -0.0333333 0.1
1218 1097 -2 1 -0.0333333 -0.0333333
1218 1098 -2 1 0.1 -0.166667
1218 1098 -2 1 0.1 -0.166667
1218 1099 -2 1 0.1 -0.3
1218 1100 -2 1 0.1 -0.433333
1218 1109 -2 1 0.1 0.366667
1218 1110 -2 1 0.1 0.233333
1218 1110 -2 1 0.1 0.233333
1218 1111 -2 1 0.1 0.1
1218 1111 -2 1 0.1 0.1
1218 1112 -2 1 0.1 -0.0333333
1218 1113 -2 1 0.233333 -0.166667
1218 1113 -2 1 0.233333 -0.166667
1218 1125 -2 1 0.233333 0.233333
1218 1126 -2 1 0.233333 0.1
1219 904 -2 1 0.166667 -0.1
1219 905 -2 1 0.166667 -0.233333
1219 906 -2 1 0.166667 -0.366667
1219 906 -2 1 0.166667 -0.366667
1219 919 -2 1 0.3 -0.1
1219 919 -2 1 0.3 -0.1
1219 920 -2 1 0.3 -0.233333
1219 931 -2 1 0.3 0.3
1219 932 -2 1 0.3 0.166667
1219 932 -2 1 0.3 0.166667
1219 1081 -2 1 -0.366667 0.3
1219 1083 -2 1 -0.233333 0.0333333
1219 1083 -2 1 -0.233333 0.0333333
1219 1084 -2 1 -0.233333 -0.1
1219 1099 -2 1 -0.1 -0.1
1219 1099 -2 1 -0.1 -0.1
1219 1110 -2 1 -0.1 0.433333
1219 1112 -2 1 -0.1 0.166667
1219 1112 -2 1 -0.1 0.166667
1219 1115 -2 1 0.0333333 -0.233333
1219 1115 -2 1 0.0333333 -0.233333
1219 1116 -2 1 0.0333333 -0.366667
1219 1127 -2 1 0.0333333 0.166667
1220 903 -2 1 0.166667 0.233333
1220 904 -2 1 0.166667 0.1
1220 905 -2 1 0.166667 -0.0333333
1220 906 -2 1 0.166667 -0.166667
1220 906 -2 1 0.166667 -0.166667
1220 907 -2 1 0.166667 -0.3
1220 919 -2 1 0.3 0.1
1220 921 -2 1 0.3 -0.166667
1220 932 -2 1 0.3 0.366667
1220 1069 -2 1 -0.366667 0.1
1220 1083 -2 1 -0.233333 0.233333
1220 1085 -2 1 -0.233333 -0.0333333
1220 1097 -2 1 -0.233333 0.366667
1220 1097 -2 1 -0.233333 0.366667
1220 1098 -2 1 -0.1 0.233333
1220 1099 -2 1 -0.1 0.1
1220 1100 -2 1 -0.1 -0.0333333
1220 1101 -2 1 -0.1 -0.166667
1220 1102 -2 1 -0.1 -0.3
1220 1103 -2 1 -0.1 -0.433333
1220 1113 -2 1 0.0333333 0.233333
1220 1114 -2 1 0.0333333 0.1
1220 1114 -2 1 0.0333333 0.1
1220 1117 -2 1 0.0333333 -0.3
1220 1117 -2 1 0.0333333 -0.3
1220 1117 -2 1 0.0333333 -0.3
1220 1127 -2 1 0.0333333 0.366667
1221 904 -2 1 0.166667 0.3
1221 907 -2 1 0.166667 -0.1
1221 907 -2 1 0.166667 -0.1
1221 909 -2 1 0.166667 -0.366667
1221 919 -2 1 0.3 0.3
1221 922 -2 1 0.3 -0.1
1221 922 -2 1 0.3 -0.1
1221 938 -2 1 0.433333 -0.233333
1221 1072 -2 1 -0.366667 -0.1
1221 1085 -2 1 -0.233333 0.166667
1221 1086 -2 1 -0.233333 0.0333333
1221 1089 -2 1 -0.233333 -0.366667
1221 1099 -2 1 -0.1 0.3
1221 1100 -2 1 -0.1 0.166667
1221 1100 -2 1 -0.1 0.166667
1221 1102 -2 1 -0.1 -0.1
1221 1102 -2 1 -0.1 -0.1
1221 1103 -2 1 -0.1 -0.233333
1221 1114 -2 1 0.0333333 0.3
1221 1119 -2 1 0.0333333 -0.366667
1222 909 -2 1 0.166667 -0.166667
1222 920 -2 1 0.3 0.366667
1222 923 -2 1 0.3 -0.0333333
1222 923 -2 1 0.3 -0.0333333
1222 924 -2 1 0.3 -0.166667
1222 925 -2 1 0.3 -0.3
1222 939 -2 1 0.433333 -0.166667
1222 1071 -2 1 -0.366667 0.233333
1222 1071 -2 1 -0.366667 0.233333
1222 1075 -2 1 -0.366667 -0.3
1222 1087 -2 1 -0.233333 0.1
1222 1089 -2 1 -0.233333 -0.166667
1222 1102 -2 1 -0.1 0.1
1222 1103 -2 1 -0.1 -0.0333333
1222 1103 -2 1 -0.1 -0.0333333
1222 1104 -2 1 -0.1 -0.166667
1222 1117 -2 1 0.0333333 0.1
1222 1117 -2 1 0.0333333 0.1
1222 1118 -2 1 0.0333333 -0.0333333
1222 1119 -2 1 0.0333333 -0.166667
1222 1120 -2 1 0.0333333 -0.3
1222 1120 -2 1 0.0333333 -0.3
1223 906 -2 1 0.166667 0.433333
1223 908 -2 1 0.166667 0.166667
1223 908 -2 1 0.166667 0.166667
1223 909 -2 1 0.166667 0.0333333
1223 922 -2 1 0.3 0.3
1223 925 -2 1 0.3 -0.1
1223 925 -2 1 0.3 -0.1
1223 925 -2 1 0.3 -0.1
1223 926 -2 1 0.3 -0.233333
1223 940 -2 1 0.433333 -0.1
1223 941 -2 1 0.433333 -0.233333
1223 1073 -2 1 -0.366667 0.166667
1223 1073 -2 1 -0.366667 0.166667
1223 1073 -2 1 -0.366667 0.166667
1223 1074 -2 1 -0.366667 0.0333333
1223 1074 -2 1 -0.366667 0.0333333
1223 1086 -2 1 -0.233333 0.433333
1223 1087 -2 1 -0.233333 0.3
1223 1088 -2 1 -0.233333 0.166667
1223 1089 -2 1 -0.233333 0.0333333
1223 1102 -2 1 -0.1 0.3
1223 1103 -2 1 -0.1 0.166667
1223 1104 -2 1 -0.1 0.0333333
1223 1105 -2 1 -0.1 -0.1
1223 1106 -2 1 -0.1 -0.233333
1223 1117 -2 1 0.0333333 0.3
1223 1118 -2 1 0.0333333 0.166667
1223 1119 -2 1 0.0333333 0.0333333
1223 1120 -2 1 0.0333333 -0.1
1223 1120 -2 1 0.0333333 -0.1
1223 1122 -2 1 0.0333333 -0.366667
1224 912 -2 1 0.166667 -0.166667
1224 923 -2 1 0.3 0.366667
1224 928 -2 1 0.3 -0.3
1224 940 -2 1 0.433333 0.1
1224 941 -2 1 0.433333 -0.0333333
1224 1074 -2 1 -0.366667 0.233333
1224 1076 -2 1 -0.366667 -0.0333333
1224 1089 -2 1 -0.233333 0.233333
1224 1091 -2 1 -0.233333 -0.0333333
1224 1091 -2 1 -0.233333 -0.0333333
1224 1092 -2 1 -0.233333 -0.166667
1224 1093 -2 1 -0.233333 -0.3
1224 1103 -2 1 -0.1 0.366667
1224 1103 -2 1 -0.1 0.366667
1224 1104 -2 1 -0.1 0.233333
1224 1104 -2 1 -0.1 0.233333
1224 1105 -2 1 -0.1 0.1
1224 1106 -2 1 -0.1 -0.0333333
1224 1107 -2 1 -0.1 -0.166667
1224 1121 -2 1 0.0333333 -0.0333333
1224 1121 -2 1 0.0333333 -0.0333333
1224 1121 -2 1 0.0333333 -0.0333333
1224 1123 -2 1 0.0333333 -0.3
1225 911 -2 1 0.166667 0.166667
1225 912 -2 1 0.166667 0.0333333
1225 913 -2 1 0.166667 -0.1
1225 914 -2 1 0.166667 -0.233333
1225 927 -2 1 0.3 0.0333333
1225 927 -2 1 0.3 0.0333333
1225 928 -2 1 0.3 -0.1
1225 942 -2 1 0.433333 0.0333333
1225 1078 -2 1 -0.366667 -0.1
1225 1089 -2 1 -0.233333 0.433333
1225 1091 -2 1 -0.233333 0.166667
1225 1092 -2 1 -0.233333 0.0333333
1225 1093 -2 1 -0.233333 -0.1
1225 1105 -2 1 -0.1 0.3
1225 1106 -2 1 -0.1 0.166667
1225 1107 -2 1 -0.1 0.0333333
1225 1107 -2 1 -0.1 0.0333333
1225 1107 -2 1 -0.1 0.0333333
1225 1122 -2 1 0.0333333 0.0333333
1225 1123 -2 1 0.0333333 -0.1
1225 1123 -2 1 0.0333333 -0.1
1225 1123 -2 1 0.0333333 -0.1
1225 1123 -2 1 0.0333333 -0.1
1225 1123 -2 1 0.0333333 -0.1
1225 1124 -2 1 0.0333333 -0.233333
1226 913 -2 1 0.166667 0.1
1226 915 -2 1 0.166667 -0.166667
1226 915 -2 1 0.166667 -0.166667
1226 916 -2 1 0.166667 -0.3
1226 917 -2 1 0.166667 -0.433333
1226 917 -2 1 0.166667 -0.433333
1226 926 -2 1 0.3 0.366667
1226 927 -2 1 0.3 0.233333
1226 927 -2 1 0.3 0.233333
1226 928 -2 1 0.3 0.1
1226 930 -2 1 0.3 -0.166667
1226 931 -2 1 0.3 -0.3
1226 943 -2 1 0.433333 0.1
1226 943 -2 1 0.433333 0.1
1226 1077 -2 1 -0.366667 0.233333
1226 1078 -2 1 -0.366667 0.1
1226 1079 -2 1 -0.366667 -0.0333333
1226 1080 -2 1 -0.366667 -0.166667
1226 1091 -2 1 -0.233333 0.366667
1226 1095 -2 1 -0.233333 -0.166667
1226 1095 -2 1 -0.233333 -0.166667
1226 1106 -2 1 -0.1 0.366667
1226 1107 -2 1 -0.1 0.233333
1226 1108 -2 1 -0.1 0.1
1226 1109 -2 1 -0.1 -0.0333333
1226 1110 -2 1 -0.1 -0.166667
1226 1110 -2 1 -0.1 -0.166667
1226 1110 -2 1 -0.1 -0.166667
1226 1111 -2 1 -0.1 -0.3
1226 1112 -2 1 -0.1 -0.433333
1226 1112 -2 1 -0.1 -0.433333
1226 1121 -2 1 0.0333333 0.366667
1226 1122 -2 1 0.0333333 0.233333
1226 1124 -2 1 0.0333333 -0.0333333
1227 912 -2 1 0.166667 0.433333
1227 913 -2 1 0.166667 0.3
1227 915 -2 1 0.166667 0.0333333
1227 1094 -2 1 -0.233333 0.166667
1227 1095 -2 1 -0.233333 0.0333333
1227 1096 -2 1 -0.233333 -0.1
1227 1098 -2 1 -0.1 -0.366667
1227 1109 -2 1 -0.1 0.166667
1227 1110 -2 1 -0.1 0.0333333
1227 1112 -2 1 -0.1 -0.233333
1227 1122 -2 1 0.0333333 0.433333
1227 1123 -2 1 0.0333333 0.3
1227 1124 -2 1 0.0333333 0.166667
1227 1124 -2 1 0.0333333 0.166667
1227 1126 -2 1 0.0333333 -0.1
1227 1127 -2 1 0.0333333 -0.233333
1228 903 -2 1 0.166667 -0.166667
1228 903 -2 1 0.166667 -0.166667
1228 914 -2 1 0.166667 0.366667
1228 917 -2 1 0.166667 -0.0333333
1228 918 -2 1 0.3 -0.166667
1228 931 -2 1 0.3 0.1
1228 931 -2 1 0.3 0.1
1228 933 -2 1 0.433333 -0.166667
1228 933 -2 1 0.433333 -0.166667
1228 945 -2 1 0.433333 0.233333
1228 1068 -2 1 -0.366667 -0.166667
1228 1080 -2 1 -0.366667 0.233333
1228 1081 -2 1 -0.366667 0.1
1228 1083 -2 1 -0.233333 -0.166667
1228 1084 -2 1 -0.233333 -0.3
1228 1094 -2 1 -0.233333 0.366667
1228 1095 -2 1 -0.233333 0.233333
1228 1095 -2 1 -0.233333 0.233333
1228 1096 -2 1 -0.233333 0.1
1228 1098 -2 1 -0.1 -0.166667
1228 1098 -2 1 -0.1 -0.166667
1228 1100 -2 1 -0.1 -0.433333
1228 1110 -2 1 -0.1 0.233333
1228 1111 -2 1 -0.1 0.1
1228 1111 -2 1 -0.1 0.1
1228 1111 -2 1 -0.1 0.1
1228 1112 -2 1 -0.1 -0.0333333
1228 1113 -2 1 0.0333333 -0.166667
1228 1113 -2 1 0.0333333 -0.166667
1228 1113 -2 1 0.0333333 -0.166667
1228 1114 -2 1 0.0333333 -0.3
1228 1124 -2 1 0.0333333 0.366667
1228 1124 -2 1 0.0333333 0.366667
1228 1125 -2 1 0.0333333 0.233333
1228 1126 -2 1 0.0333333 0.1
1228 1126 -2 1 0.0333333 0.1
1228 1127 -2 1 0.0333333 -0.0333333
1228 1127 -2 1 0.0333333 -0.0333333
