1 8	MDSLLMNR	979.165000	980.172276	490.589776	327.395610	245.798526
1 3	MDS	1059.144902	1060.152178	530.579727	354.055577	265.793502
9 9	ETYLCYVVK	1117.320000	1118.327276	559.667276	373.447276	280.337276
9 2	ET	1197.299902	1198.307178	599.657227	400.107244	300.332252
9 3	ETY	1277.279804	1278.287080	639.647178	426.767211	320.327227
9 6	ETYLCY	1357.259706	1358.266982	679.637129	453.427178	340.322203
12 14	DSATSFSLDFGYLR	1578.665000	1579.672276	790.339776	527.228943	395.673526
12 2	DS	1658.644902	1659.652178	830.329727	553.888910	415.668502
12 4	DSAT	1738.624804	1739.632080	870.319678	580.548878	435.663477
12 5	DSATS	1818.604706	1819.611982	910.309629	607.208845	455.658453
12 7	DSATSFS	1898.584608	1899.591884	950.299580	633.868812	475.653428
12 12	DSATSFSLDFGY	1978.564510	1979.571786	990.289531	660.528780	495.648404
14 11	NGCHVELLFLR	1300.530000	1301.537276	651.272276	434.517276	326.139776
15 11	YISDWDLDPGR	1336.400000	1337.407276	669.207276	446.473943	335.107276
15 1	Y	1416.379902	1417.387178	709.197227	473.133910	355.102252
15 3	YIS	1496.359804	1497.367080	749.187178	499.793878	375.097227
17 15	VTWFTSWSPCYDCAR	1822.020000	1823.027276	912.017276	608.347276	456.512276
17 2	VT	1901.999902	1903.007178	952.007227	635.007244	476.507252
17 5	VTWFT	1981.979804	1982.987080	991.997178	661.667211	496.502227
17 6	VTWFTS	2061.959706	2062.966982	1031.987129	688.327178	516.497203
17 8	VTWFTSWS	2141.939608	2142.946884	1071.977080	714.987146	536.492178
17 11	VTWFTSWSPCY	2221.919510	2222.926786	1111.967031	741.647113	556.487154
19 8	GNPNLSLR	869.965000	870.972276	435.989776	290.995610	218.498526
19 6	GNPNLS	949.944902	950.952178	475.979727	317.655577	238.493502
26 11	AGVQIAIMTFK	1178.450000	1179.457276	590.232276	393.823943	295.619776
26 9	AGVQIAIMT	1258.429902	1259.437178	630.222227	420.483910	315.614752
27 15	DYFYCWNTFVENHER	2023.160000	2024.167276	1012.587276	675.393943	506.797276
27 2	DY	2103.139902	2104.147178	1052.577227	702.053910	526.792252
27 4	DYFY	2183.119804	2184.127080	1092.567178	728.713878	546.787227
27 8	DYFYCWNT	2263.099706	2264.106982	1132.557129	755.373845	566.782203
29 11	AWEGLHENSVR	1297.390000	1298.397276	649.702276	433.470610	325.354776
29 9	AWEGLHENS	1377.369902	1378.377178	689.692227	460.130577	345.349752
33 12	ILLPLYEVDDLR	1458.685000	1459.692276	730.349776	487.235610	365.678526
33 6	ILLPLY	1538.664902	1539.672178	770.339727	513.895577	385.673502
36 9	MDSLLMNRR	1135.350000	1136.357276	568.682276	379.457276	284.844776
36 3	MDS	1215.329902	1216.337178	608.672227	406.117244	304.839752
39 9	FLYQFKNVR	1214.430000	1215.437276	608.222276	405.817276	304.614776
39 3	FLY	1294.409902	1295.417178	648.212227	432.477244	324.609752
43 10	RETYLCYVVK	1273.505000	1274.512276	637.759776	425.508943	319.383526
43 3	RET	1353.484902	1354.492178	677.749727	452.168910	339.378502
43 4	RETY	1433.464804	1434.472080	717.739678	478.828878	359.373477
43 7	RETYLCY	1513.444706	1514.451982	757.729629	505.488845	379.368453
44 10	ETYLCYVVKR	1273.505000	1274.512276	637.759776	425.508943	319.383526
44 2	ET	1353.484902	1354.492178	677.749727	452.168910	339.378502
44 3	ETY	1433.464804	1434.472080	717.739678	478.828878	359.373477
44 6	ETYLCY	1513.444706	1514.451982	757.729629	505.488845	379.368453
46 15	RDSATSFSLDFGYLR	1734.850000	1735.857276	868.432276	579.290610	434.719776
46 3	RDS	1814.829902	1815.837178	908.422227	605.950577	454.714752
46 5	RDSAT	1894.809804	1895.817080	948.412178	632.610544	474.709727
46 6	RDSATS	1974.789706	1975.796982	988.402129	659.270512	494.704703
46 8	RDSATSFS	2054.769608	2055.776884	1028.392080	685.930479	514.699678
46 13	RDSATSFSLDFGY	2134.749510	2135.756786	1068.382031	712.590446	534.694654
47 16	DSATSFSLDFGYLRNK	1820.945000	1821.952276	911.479776	607.988943	456.243526
47 2	DS	1900.924902	1901.932178	951.469727	634.648910	476.238502
47 4	DSAT	1980.904804	1981.912080	991.459678	661.308878	496.233477
47 5	DSATS	2060.884706	2061.891982	1031.449629	687.968845	516.228453
47 7	DSATSFS	2140.864608	2141.871884	1071.439580	714.628812	536.223428
47 12	DSATSFSLDFGY	2220.844510	2221.851786	1111.429531	741.288780	556.218404
48 13	NKNGCHVELLFLR	1542.810000	1543.817276	772.412276	515.277276	386.709776
49 22	NGCHVELLFLRYISDWDLDPGR	2618.915000	2619.922276	1310.464776	873.978943	655.736026
49 12	NGCHVELLFLRY	2698.894902	2699.902178	1350.454727	900.638910	675.731002
49 14	NGCHVELLFLRYIS	2778.874804	2779.882080	1390.444678	927.298878	695.725977
50 14	YISDWDLDPGRCYR	1758.895000	1759.902276	880.454776	587.305610	440.731026
50 1	Y	1838.874902	1839.882178	920.444727	613.965577	460.726002
50 3	YIS	1918.854804	1919.862080	960.434678	640.625544	480.720977
50 13	YISDWDLDPGRCY	1998.834706	1999.841982	1000.424629	667.285512	500.715953
51 18	CYRVTWFTSWSPCYDCAR	2244.515000	2245.522276	1123.264776	749.178943	562.136026
51 2	CY	2324.494902	2325.502178	1163.254727	775.838910	582.131002
51 5	CYRVT	2404.474804	2405.482080	1203.244678	802.498878	602.125977
51 8	CYRVTWFT	2484.454706	2485.461982	1243.234629	829.158845	622.120953
51 9	CYRVTWFTS	2564.434608	2565.441884	1283.224580	855.818812	642.115928
51 11	CYRVTWFTSWS	2644.414510	2645.421786	1323.214531	882.478780	662.110904
51 14	CYRVTWFTSWSPCY	2724.394412	2725.401688	1363.204482	909.138747	682.105879
52 22	VTWFTSWSPCYDCARHVADFLR	2660.975000	2661.982276	1331.494776	887.998943	666.251026
52 2	VT	2740.954902	2741.962178	1371.484727	914.658910	686.246002
52 5	VTWFT	2820.934804	2821.942080	1411.474678	941.318878	706.240977
52 6	VTWFTS	2900.914706	2901.921982	1451.464629	967.978845	726.235953
52 8	VTWFTSWS	2980.894608	2981.901884	1491.454580	994.638812	746.230928
52 11	VTWFTSWSPCY	3060.874510	3061.881786	1531.444531	1021.298780	766.225904
53 15	HVADFLRGNPNLSLR	1708.920000	1709.927276	855.467276	570.647276	428.237276
53 13	HVADFLRGNPNLS	1788.899902	1789.907178	895.457227	597.307244	448.232252
54 13	GNPNLSLRIFTAR	1458.660000	1459.667276	730.337276	487.227276	365.672276
54 6	GNPNLS	1538.639902	1539.647178	770.327227	513.887244	385.667252
54 11	GNPNLSLRIFT	1618.619804	1619.627080	810.317178	540.547211	405.662227
55 12	IFTARLYFCEDR	1533.735000	1534.742276	767.874776	512.252276	384.441026
55 3	IFT	1613.714902	1614.722178	807.864727	538.912244	404.436002
55 7	IFTARLY	1693.694804	1694.702080	847.854678	565.572211	424.430977
56 8	LYFCEDRK	1073.215000	1074.222276	537.614776	358.745610	269.311026
56 2	LY	1153.194902	1154.202178	577.604727	385.405577	289.306002
57 8	KAEPEGLR	899.005000	900.012276	450.509776	300.675610	225.758526
58 8	AEPEGLRR	927.015000	928.022276	464.514776	310.012276	232.761026
60 14	LHRAGVQIAIMTFK	1584.935000	1585.942276	793.474776	529.318943	397.241026
60 12	LHRAGVQIAIMT	1664.914902	1665.922178	833.464727	555.978910	417.236002
61 26	AGVQIAIMTFKDYFYCWNTFVENHER	3183.595000	3184.602276	1592.804776	1062.205610	796.906026
61 9	AGVQIAIMT	3263.574902	3264.582178	1632.794727	1088.865577	816.901002
61 13	AGVQIAIMTFKDY	3343.554804	3344.562080	1672.784678	1115.525544	836.895977
61 15	AGVQIAIMTFKDYFY	3423.534706	3424.541982	1712.774629	1142.185512	856.890953
61 19	AGVQIAIMTFKDYFYCWNT	3503.514608	3504.521884	1752.764580	1168.845479	876.885928
62 18	DYFYCWNTFVENHERTFK	2399.615000	2400.622276	1200.814776	800.878943	600.911026
62 2	DY	2479.594902	2480.602178	1240.804727	827.538910	620.906002
62 4	DYFY	2559.574804	2560.582080	1280.794678	854.198878	640.900977
62 8	DYFYCWNT	2639.554706	2640.561982	1320.784629	880.858845	660.895953
62 16	DYFYCWNTFVENHERT	2719.534608	2720.541884	1360.774580	907.518812	680.890928
63 14	TFKAWEGLHENSVR	1673.845000	1674.852276	837.929776	558.955610	419.468526
63 1	T	1753.824902	1754.832178	877.919727	585.615577	439.463502
63 12	TFKAWEGLHENS	1833.804804	1834.812080	917.909678	612.275544	459.458477
64 14	AWEGLHENSVRLSR	1653.805000	1654.812276	827.909776	552.275610	414.458526
64 9	AWEGLHENS	1733.784902	1734.792178	867.899727	578.935577	434.453502
64 13	AWEGLHENSVRLS	1813.764804	1814.772080	907.889678	605.595544	454.448477
67 13	RILLPLYEVDDLR	1614.870000	1615.877276	808.442276	539.297276	404.724776
67 7	RILLPLY	1694.849902	1695.857178	848.432227	565.957244	424.719752
68 16	ILLPLYEVDDLRDAFR	1948.205000	1949.212276	975.109776	650.408943	488.058526
68 6	ILLPLY	2028.184902	2029.192178	1015.099727	677.068910	508.053502
69 8	DAFRTLGL	892.005000	893.012276	447.009776	298.342276	224.008526
69 5	DAFRT	971.984902	972.992178	486.999727	325.002244	244.003502
