1 1	6.033050e+02	6.033050e+02 MIGQK
1 2	4.722645e+02	4.722645e+02 IGQK
1 3	3.591805e+02	3.591805e+02 GQK
1 4	3.021590e+02	3.021590e+02 QK
1 5	1.741004e+02	1.741004e+02 K
2 1	1.399677e+03	1.399677e+03 TLYSFFSPSPAR
2 2	1.298630e+03	1.298630e+03 LYSFFSPSPAR
2 3	1.185545e+03	1.185545e+03 YSFFSPSPAR
2 4	1.022482e+03	1.022482e+03 SFFSPSPAR
2 5	9.354501e+02	9.354501e+02 FFSPSPAR
2 6	7.883817e+02	7.883817e+02 FSPSPAR
2 7	6.413133e+02	6.413133e+02 SPSPAR
2 8	5.542813e+02	5.542813e+02 PSPAR
2 9	4.572285e+02	4.572285e+02 SPAR
2 10	3.701965e+02	3.701965e+02 PAR
2 11	2.731437e+02	2.731437e+02 AR
2 12	2.021066e+02	2.021066e+02 R
3 1	1.741004e+02	1.741004e+02 K
4 1	2.021066e+02	2.021066e+02 R
5 1	2.838386e+03	2.837383e+03 HAPSPEPAVQGTGVAGVPEESGDAAAIPAK
5 2	2.701327e+03	2.700324e+03 APSPEPAVQGTGVAGVPEESGDAAAIPAK
5 3	2.630290e+03	2.629287e+03 PSPEPAVQGTGVAGVPEESGDAAAIPAK
5 4	2.533237e+03	2.532234e+03 SPEPAVQGTGVAGVPEESGDAAAIPAK
5 5	2.446205e+03	2.445202e+03 PEPAVQGTGVAGVPEESGDAAAIPAK
5 6	2.349152e+03	2.348150e+03 EPAVQGTGVAGVPEESGDAAAIPAK
5 7	2.220110e+03	2.219107e+03 PAVQGTGVAGVPEESGDAAAIPAK
5 8	2.123057e+03	2.122054e+03 AVQGTGVAGVPEESGDAAAIPAK
5 9	2.052020e+03	2.051017e+03 VQGTGVAGVPEESGDAAAIPAK
5 10	1.951949e+03	1.951949e+03 QGTGVAGVPEESGDAAAIPAK
5 11	1.823890e+03	1.823890e+03 GTGVAGVPEESGDAAAIPAK
5 12	1.766869e+03	1.766869e+03 TGVAGVPEESGDAAAIPAK
5 13	1.665821e+03	1.665821e+03 GVAGVPEESGDAAAIPAK
5 14	1.608800e+03	1.608800e+03 VAGVPEESGDAAAIPAK
5 15	1.509731e+03	1.509731e+03 AGVPEESGDAAAIPAK
5 16	1.438694e+03	1.438694e+03 GVPEESGDAAAIPAK
5 17	1.381673e+03	1.381673e+03 VPEESGDAAAIPAK
5 18	1.282604e+03	1.282604e+03 PEESGDAAAIPAK
5 19	1.185551e+03	1.185551e+03 EESGDAAAIPAK
5 20	1.056509e+03	1.056509e+03 ESGDAAAIPAK
5 21	9.274662e+02	9.274662e+02 SGDAAAIPAK
5 22	8.404341e+02	8.404341e+02 GDAAAIPAK
5 23	7.834127e+02	7.834127e+02 DAAAIPAK
5 24	6.683857e+02	6.683857e+02 AAAIPAK
5 25	5.973486e+02	5.973486e+02 AAIPAK
5 26	5.263115e+02	5.263115e+02 AIPAK
5 27	4.552744e+02	4.552744e+02 IPAK
5 28	3.421903e+02	3.421903e+02 PAK
5 29	2.451376e+02	2.451376e+02 AK
5 30	1.741004e+02	1.741004e+02 K
6 1	1.741004e+02	1.741004e+02 K
7 1	2.362111e+03	2.361108e+03 APAGQEEPGTPPSSPLSAEQLDR
7 2	2.291074e+03	2.290071e+03 PAGQEEPGTPPSSPLSAEQLDR
7 3	2.194021e+03	2.193019e+03 AGQEEPGTPPSSPLSAEQLDR
7 4	2.122984e+03	2.121981e+03 GQEEPGTPPSSPLSAEQLDR
7 5	2.065963e+03	2.064960e+03 QEEPGTPPSSPLSAEQLDR
7 6	1.936901e+03	1.936901e+03 EEPGTPPSSPLSAEQLDR
7 7	1.807859e+03	1.807859e+03 EPGTPPSSPLSAEQLDR
7 8	1.678816e+03	1.678816e+03 PGTPPSSPLSAEQLDR
7 9	1.581763e+03	1.581763e+03 GTPPSSPLSAEQLDR
7 10	1.524742e+03	1.524742e+03 TPPSSPLSAEQLDR
7 11	1.423694e+03	1.423694e+03 PPSSPLSAEQLDR
7 12	1.326642e+03	1.326642e+03 PSSPLSAEQLDR
7 13	1.229589e+03	1.229589e+03 SSPLSAEQLDR
7 14	1.142557e+03	1.142557e+03 SPLSAEQLDR
7 15	1.055525e+03	1.055525e+03 PLSAEQLDR
7 16	9.584720e+02	9.584720e+02 LSAEQLDR
7 17	8.453879e+02	8.453879e+02 SAEQLDR
7 18	7.583559e+02	7.583559e+02 AEQLDR
7 19	6.873188e+02	6.873188e+02 EQLDR
7 20	5.582762e+02	5.582762e+02 QLDR
7 21	4.302176e+02	4.302176e+02 LDR
7 22	3.171335e+02	3.171335e+02 DR
7 23	2.021066e+02	2.021066e+02 R
8 1	4.432492e+02	4.432492e+02 IQR
8 2	3.301652e+02	3.301652e+02 QR
8 3	2.021066e+02	2.021066e+02 R
9 1	2.881434e+02	2.881434e+02 NK
9 2	1.741004e+02	1.741004e+02 K
10 1	6.413861e+02	6.413861e+02 AAALLR
10 2	5.703489e+02	5.703489e+02 AALLR
10 3	4.993118e+02	4.993118e+02 ALLR
10 4	4.282747e+02	4.282747e+02 LLR
10 5	3.151907e+02	3.151907e+02 LR
10 6	2.021066e+02	2.021066e+02 R
11 1	4.572649e+02	4.572649e+02 LAAR
11 2	3.441808e+02	3.441808e+02 AAR
11 3	2.731437e+02	2.731437e+02 AR
11 4	2.021066e+02	2.021066e+02 R
12 1	1.246598e+03	1.246598e+03 NVPVGFGESWK
12 2	1.132555e+03	1.132555e+03 VPVGFGESWK
12 3	1.033487e+03	1.033487e+03 PVGFGESWK
12 4	9.364341e+02	9.364341e+02 VGFGESWK
12 5	8.373657e+02	8.373657e+02 GFGESWK
12 6	7.803443e+02	7.803443e+02 FGESWK
12 7	6.332758e+02	6.332758e+02 GESWK
12 8	5.762544e+02	5.762544e+02 ESWK
12 9	4.472118e+02	4.472118e+02 SWK
12 10	3.601798e+02	3.601798e+02 WK
12 11	1.741004e+02	1.741004e+02 K
13 1	1.741004e+02	1.741004e+02 K
14 1	1.549793e+03	1.549793e+03 HLSGEFGKPYFIK
14 2	1.412734e+03	1.412734e+03 LSGEFGKPYFIK
14 3	1.299650e+03	1.299650e+03 SGEFGKPYFIK
14 4	1.212618e+03	1.212618e+03 GEFGKPYFIK
14 5	1.155596e+03	1.155596e+03 EFGKPYFIK
14 6	1.026554e+03	1.026554e+03 FGKPYFIK
14 7	8.794854e+02	8.794854e+02 GKPYFIK
14 8	8.224640e+02	8.224640e+02 KPYFIK
14 9	6.943690e+02	6.943690e+02 PYFIK
14 10	5.973162e+02	5.973162e+02 YFIK
14 11	4.342529e+02	4.342529e+02 FIK
14 12	2.871845e+02	2.871845e+02 IK
14 13	1.741004e+02	1.741004e+02 K
15 1	1.078512e+03	1.078512e+03 LMGFVAEER
15 2	9.654277e+02	9.654277e+02 MGFVAEER
15 3	8.343872e+02	8.343872e+02 GFVAEER
15 4	7.773657e+02	7.773657e+02 FVAEER
15 5	6.302973e+02	6.302973e+02 VAEER
15 6	5.312289e+02	5.312289e+02 AEER
15 7	4.601918e+02	4.601918e+02 EER
15 8	3.311492e+02	3.311492e+02 ER
15 9	2.021066e+02	2.021066e+02 R
16 1	1.741004e+02	1.741004e+02 K
17 1	2.619211e+03	2.618209e+03 HYTVYPPPHQVFTWTQMCDIK
17 2	2.482152e+03	2.481150e+03 YTVYPPPHQVFTWTQMCDIK
17 3	2.319089e+03	2.318086e+03 TVYPPPHQVFTWTQMCDIK
17 4	2.218041e+03	2.217039e+03 VYPPPHQVFTWTQMCDIK
17 5	2.118973e+03	2.117970e+03 YPPPHQVFTWTQMCDIK
17 6	1.955910e+03	1.954907e+03 PPPHQVFTWTQMCDIK
17 7	1.858857e+03	1.857854e+03 PPHQVFTWTQMCDIK
17 8	1.760801e+03	1.760801e+03 PHQVFTWTQMCDIK
17 9	1.663749e+03	1.663749e+03 HQVFTWTQMCDIK
17 10	1.526690e+03	1.526690e+03 QVFTWTQMCDIK
17 11	1.398631e+03	1.398631e+03 VFTWTQMCDIK
17 12	1.299563e+03	1.299563e+03 FTWTQMCDIK
17 13	1.152494e+03	1.152494e+03 TWTQMCDIK
17 14	1.051447e+03	1.051447e+03 WTQMCDIK
17 15	8.653674e+02	8.653674e+02 TQMCDIK
17 16	7.643197e+02	7.643197e+02 QMCDIK
17 17	6.362611e+02	6.362611e+02 MCDIK
17 18	5.052206e+02	5.052206e+02 CDIK
17 19	4.022114e+02	4.022114e+02 DIK
17 20	2.871845e+02	2.871845e+02 IK
17 21	1.741004e+02	1.741004e+02 K
18 1	3.881958e+02	3.881958e+02 DVK
18 2	2.731689e+02	2.731689e+02 VK
18 3	1.741004e+02	1.741004e+02 K
19 1	4.096089e+03	4.094084e+03 VVILGQDPYHGPNQAHGLCFSVQRPVPPPPSLENIYK
19 2	3.997020e+03	3.995015e+03 VILGQDPYHGPNQAHGLCFSVQRPVPPPPSLENIYK
19 3	3.897952e+03	3.895947e+03 ILGQDPYHGPNQAHGLCFSVQRPVPPPPSLENIYK
19 4	3.784868e+03	3.782863e+03 LGQDPYHGPNQAHGLCFSVQRPVPPPPSLENIYK
19 5	3.671784e+03	3.669779e+03 GQDPYHGPNQAHGLCFSVQRPVPPPPSLENIYK
19 6	3.614762e+03	3.612757e+03 QDPYHGPNQAHGLCFSVQRPVPPPPSLENIYK
19 7	3.486703e+03	3.484699e+03 DPYHGPNQAHGLCFSVQRPVPPPPSLENIYK
19 8	3.371677e+03	3.369672e+03 PYHGPNQAHGLCFSVQRPVPPPPSLENIYK
19 9	3.273621e+03	3.272619e+03 YHGPNQAHGLCFSVQRPVPPPPSLENIYK
19 10	3.110558e+03	3.109556e+03 HGPNQAHGLCFSVQRPVPPPPSLENIYK
19 11	2.973499e+03	2.972497e+03 GPNQAHGLCFSVQRPVPPPPSLENIYK
19 12	2.916478e+03	2.915475e+03 PNQAHGLCFSVQRPVPPPPSLENIYK
19 13	2.819425e+03	2.818422e+03 NQAHGLCFSVQRPVPPPPSLENIYK
19 14	2.705382e+03	2.704380e+03 QAHGLCFSVQRPVPPPPSLENIYK
19 15	2.577324e+03	2.576321e+03 AHGLCFSVQRPVPPPPSLENIYK
19 16	2.506286e+03	2.505284e+03 HGLCFSVQRPVPPPPSLENIYK
19 17	2.369228e+03	2.368225e+03 GLCFSVQRPVPPPPSLENIYK
19 18	2.312206e+03	2.311203e+03 LCFSVQRPVPPPPSLENIYK
19 19	2.199122e+03	2.198119e+03 CFSVQRPVPPPPSLENIYK
19 20	2.096113e+03	2.095110e+03 FSVQRPVPPPPSLENIYK
19 21	1.949044e+03	1.948042e+03 SVQRPVPPPPSLENIYK
19 22	1.862012e+03	1.861010e+03 VQRPVPPPPSLENIYK
19 23	1.761941e+03	1.761941e+03 QRPVPPPPSLENIYK
19 24	1.633883e+03	1.633883e+03 RPVPPPPSLENIYK
19 25	1.477782e+03	1.477782e+03 PVPPPPSLENIYK
19 26	1.380729e+03	1.380729e+03 VPPPPSLENIYK
19 27	1.281661e+03	1.281661e+03 PPPPSLENIYK
19 28	1.184608e+03	1.184608e+03 PPPSLENIYK
19 29	1.087555e+03	1.087555e+03 PPSLENIYK
19 30	9.905022e+02	9.905022e+02 PSLENIYK
19 31	8.934494e+02	8.934494e+02 SLENIYK
19 32	8.064174e+02	8.064174e+02 LENIYK
19 33	6.933334e+02	6.933334e+02 ENIYK
19 34	5.642908e+02	5.642908e+02 NIYK
19 35	4.502478e+02	4.502478e+02 IYK
19 36	3.371638e+02	3.371638e+02 YK
19 37	1.741004e+02	1.741004e+02 K
20 1	2.438121e+03	2.437119e+03 ELSTDIEDFVHPGHGDLSGWAK
20 2	2.309079e+03	2.308076e+03 LSTDIEDFVHPGHGDLSGWAK
20 3	2.195995e+03	2.194992e+03 STDIEDFVHPGHGDLSGWAK
20 4	2.108962e+03	2.107960e+03 TDIEDFVHPGHGDLSGWAK
20 5	2.007915e+03	2.006912e+03 DIEDFVHPGHGDLSGWAK
20 6	1.892888e+03	1.891885e+03 IEDFVHPGHGDLSGWAK
20 7	1.778801e+03	1.778801e+03 EDFVHPGHGDLSGWAK
20 8	1.649759e+03	1.649759e+03 DFVHPGHGDLSGWAK
20 9	1.534732e+03	1.534732e+03 FVHPGHGDLSGWAK
20 10	1.387663e+03	1.387663e+03 VHPGHGDLSGWAK
20 11	1.288595e+03	1.288595e+03 HPGHGDLSGWAK
20 12	1.151536e+03	1.151536e+03 PGHGDLSGWAK
20 13	1.054483e+03	1.054483e+03 GHGDLSGWAK
20 14	9.974617e+02	9.974617e+02 HGDLSGWAK
20 15	8.604028e+02	8.604028e+02 GDLSGWAK
20 16	8.033814e+02	8.033814e+02 DLSGWAK
20 17	6.883544e+02	6.883544e+02 LSGWAK
20 18	5.752704e+02	5.752704e+02 SGWAK
20 19	4.882383e+02	4.882383e+02 GWAK
20 20	4.312169e+02	4.312169e+02 WAK
20 21	2.451376e+02	2.451376e+02 AK
20 22	1.741004e+02	1.741004e+02 K
21 1	1.422856e+03	1.422856e+03 QGVLLLNAVLTVR
21 2	1.294797e+03	1.294797e+03 GVLLLNAVLTVR
21 3	1.237776e+03	1.237776e+03 VLLLNAVLTVR
21 4	1.138707e+03	1.138707e+03 LLLNAVLTVR
21 5	1.025623e+03	1.025623e+03 LLNAVLTVR
21 6	9.125393e+02	9.125393e+02 LNAVLTVR
21 7	7.994552e+02	7.994552e+02 NAVLTVR
21 8	6.854123e+02	6.854123e+02 AVLTVR
21 9	6.143752e+02	6.143752e+02 VLTVR
21 10	5.153067e+02	5.153067e+02 LTVR
21 11	4.022227e+02	4.022227e+02 TVR
21 12	3.011750e+02	3.011750e+02 VR
21 13	2.021066e+02	2.021066e+02 R
22 1	9.194260e+02	9.194260e+02 AHQANSHK
22 2	8.483889e+02	8.483889e+02 HQANSHK
22 3	7.113300e+02	7.113300e+02 QANSHK
22 4	5.832714e+02	5.832714e+02 ANSHK
22 5	5.122343e+02	5.122343e+02 NSHK
22 6	3.981914e+02	3.981914e+02 SHK
22 7	3.111594e+02	3.111594e+02 HK
22 8	1.741004e+02	1.741004e+02 K
23 1	3.311492e+02	3.311492e+02 ER
23 2	2.021066e+02	2.021066e+02 R
24 1	3.586742e+03	3.584736e+03 GWEQFTDAVVSWLNQNSNGLVFLLWGSYAQK
24 2	3.529720e+03	3.527715e+03 WEQFTDAVVSWLNQNSNGLVFLLWGSYAQK
24 3	3.342638e+03	3.341636e+03 EQFTDAVVSWLNQNSNGLVFLLWGSYAQK
24 4	3.213596e+03	3.212593e+03 QFTDAVVSWLNQNSNGLVFLLWGSYAQK
24 5	3.085537e+03	3.084535e+03 FTDAVVSWLNQNSNGLVFLLWGSYAQK
24 6	2.938469e+03	2.937466e+03 TDAVVSWLNQNSNGLVFLLWGSYAQK
24 7	2.837421e+03	2.836418e+03 DAVVSWLNQNSNGLVFLLWGSYAQK
24 8	2.722394e+03	2.721391e+03 AVVSWLNQNSNGLVFLLWGSYAQK
24 9	2.651357e+03	2.650354e+03 VVSWLNQNSNGLVFLLWGSYAQK
24 10	2.552289e+03	2.551286e+03 VSWLNQNSNGLVFLLWGSYAQK
24 11	2.453220e+03	2.452218e+03 SWLNQNSNGLVFLLWGSYAQK
24 12	2.366188e+03	2.365186e+03 WLNQNSNGLVFLLWGSYAQK
24 13	2.180109e+03	2.179106e+03 LNQNSNGLVFLLWGSYAQK
24 14	2.067025e+03	2.066022e+03 NQNSNGLVFLLWGSYAQK
24 15	1.952982e+03	1.951979e+03 QNSNGLVFLLWGSYAQK
24 16	1.824923e+03	1.823921e+03 NSNGLVFLLWGSYAQK
24 17	1.709878e+03	1.709878e+03 SNGLVFLLWGSYAQK
24 18	1.622846e+03	1.622846e+03 NGLVFLLWGSYAQK
24 19	1.508803e+03	1.508803e+03 GLVFLLWGSYAQK
24 20	1.451781e+03	1.451781e+03 LVFLLWGSYAQK
24 21	1.338697e+03	1.338697e+03 VFLLWGSYAQK
24 22	1.239629e+03	1.239629e+03 FLLWGSYAQK
24 23	1.092560e+03	1.092560e+03 LLWGSYAQK
24 24	9.794763e+02	9.794763e+02 LWGSYAQK
24 25	8.663923e+02	8.663923e+02 WGSYAQK
24 26	6.803130e+02	6.803130e+02 GSYAQK
24 27	6.232915e+02	6.232915e+02 SYAQK
24 28	5.362595e+02	5.362595e+02 YAQK
24 29	3.731961e+02	3.731961e+02 AQK
24 30	3.021590e+02	3.021590e+02 QK
24 31	1.741004e+02	1.741004e+02 K
25 1	1.741004e+02	1.741004e+02 K
26 1	6.453082e+02	6.453082e+02 GSAIDR
26 2	5.882867e+02	5.882867e+02 SAIDR
26 3	5.012547e+02	5.012547e+02 AIDR
26 4	4.302176e+02	4.302176e+02 IDR
26 5	3.171335e+02	3.171335e+02 DR
26 6	2.021066e+02	2.021066e+02 R
27 1	1.741004e+02	1.741004e+02 K
28 1	2.021066e+02	2.021066e+02 R
29 1	1.869967e+03	1.868965e+03 HHVLQTAHPSPLSVYR
29 2	1.731906e+03	1.731906e+03 HVLQTAHPSPLSVYR
29 3	1.594847e+03	1.594847e+03 VLQTAHPSPLSVYR
29 4	1.495778e+03	1.495778e+03 LQTAHPSPLSVYR
29 5	1.382694e+03	1.382694e+03 QTAHPSPLSVYR
29 6	1.254636e+03	1.254636e+03 TAHPSPLSVYR
29 7	1.153588e+03	1.153588e+03 AHPSPLSVYR
29 8	1.082551e+03	1.082551e+03 HPSPLSVYR
29 9	9.454920e+02	9.454920e+02 PSPLSVYR
29 10	8.484392e+02	8.484392e+02 SPLSVYR
29 11	7.614072e+02	7.614072e+02 PLSVYR
29 12	6.643544e+02	6.643544e+02 LSVYR
29 13	5.512704e+02	5.512704e+02 SVYR
29 14	4.642383e+02	4.642383e+02 VYR
29 15	3.651699e+02	3.651699e+02 YR
29 16	2.021066e+02	2.021066e+02 R
30 1	7.132955e+02	7.132955e+02 GFFGCR
30 2	6.562741e+02	6.562741e+02 FFGCR
30 3	5.092057e+02	5.092057e+02 FGCR
30 4	3.621372e+02	3.621372e+02 GCR
30 5	3.051158e+02	3.051158e+02 CR
30 6	2.021066e+02	2.021066e+02 R
31 1	5.452598e+02	5.452598e+02 HFSK
31 2	4.082009e+02	4.082009e+02 FSK
31 3	2.611325e+02	2.611325e+02 SK
31 4	1.741004e+02	1.741004e+02 K
32 1	8.724603e+02	8.724603e+02 TNELLQK
32 2	7.714127e+02	7.714127e+02 NELLQK
32 3	6.573697e+02	6.573697e+02 ELLQK
32 4	5.283271e+02	5.283271e+02 LLQK
32 5	4.152431e+02	4.152431e+02 LQK
32 6	3.021590e+02	3.021590e+02 QK
32 7	1.741004e+02	1.741004e+02 K
33 1	3.181539e+02	3.181539e+02 SGK
33 2	2.311219e+02	2.311219e+02 GK
33 3	1.741004e+02	1.741004e+02 K
34 1	8.134385e+02	8.134385e+02 KPIDWK
34 2	6.853435e+02	6.853435e+02 PIDWK
34 3	5.882908e+02	5.882908e+02 IDWK
34 4	4.752067e+02	4.752067e+02 DWK
34 5	3.601798e+02	3.601798e+02 WK
34 6	1.741004e+02	1.741004e+02 K
35 1	2.881321e+02	2.881321e+02 EL
35 2	1.590895e+02	1.590895e+02 L
